OBJECTID,COUNTY,TOTAL,YEAR,LAT,LON
2287,Anderson,73,2001,-95.65,31.81
2288,Andrews,16,2001,-102.64,32.31
2289,Angelina,95,2001,-94.61,31.25
2290,Aransas,43,2001,-96.99,28.08
2291,Archer,16,2001,-98.69,33.62
2292,Armstrong,7,2001,-101.36,34.96
2293,Atascosa,83,2001,-98.53,28.89
2294,Austin,50,2001,-96.28,29.89
2295,Bailey,281,2001,-102.83,34.07
2296,Bandera,24,2001,-99.25,29.75
2297,Bastrop,185,2001,-97.31,30.1
2298,Baylor,4,2001,-99.21,33.62
2299,Bee,57,2001,-97.74,28.42
2300,Bell,1109,2001,-97.48,31.04
2301,Bexar,7969,2001,-98.52,29.45
2302,Blanco,12,2001,-98.4,30.27
2303,Borden,2,2001,-101.43,32.74
2304,Bosque,15,2001,-97.63,31.9
2305,Bowie,34,2001,-94.42,33.45
2306,Brazoria,350,2001,-95.43,29.17
2307,Brazos,536,2001,-96.3,30.66
2308,Brewster,18,2001,-103.25,29.81
2309,Briscoe,21,2001,-101.21,34.53
2310,Brooks,20,2001,-98.22,27.03
2311,Brown,25,2001,-99,31.77
2312,Burleson,27,2001,-96.62,30.49
2313,Burnet,85,2001,-98.18,30.79
2314,Caldwell,78,2001,-97.62,29.84
2315,Calhoun,44,2001,-96.62,28.44
2316,Callahan,6,2001,-99.37,32.3
2317,Cameron,878,2001,-97.45,26.15
2318,Camp,15,2001,-94.98,32.97
2319,Carson,3,2001,-101.35,35.4
2320,Cass,8,2001,-94.34,33.08
2321,Castro,7,2001,-102.26,34.53
2322,Chambers,33,2001,-94.67,29.71
2323,Cherokee,43,2001,-95.17,31.84
2324,Childress,5,2001,-100.21,34.53
2325,Clay,11,2001,-98.21,33.79
2326,Cochran,1,2001,-102.83,33.6
2327,Coke,15,2001,-100.53,31.89
2328,Coleman,7,2001,-99.45,31.77
2329,Collin,1289,2001,-96.57,33.19
2330,Collingsworth,6,2001,-100.27,34.96
2331,Colorado,25,2001,-96.53,29.62
2332,Comal,169,2001,-98.28,29.81
2333,Comanche,9,2001,-98.56,31.95
2334,Concho,2,2001,-99.86,31.33
2335,Cooke,46,2001,-97.21,33.64
2336,Coryell,184,2001,-97.8,31.39
2337,Cottle,3,2001,-100.28,34.08
2338,Crane,14,2001,-102.52,31.43
2339,Crockett,6,2001,-101.41,30.72
2340,Crosby,16,2001,-101.3,33.61
2341,Culberson,6,2001,-104.52,31.45
2342,Dallam,7,2001,-102.6,36.28
2343,Dallas,10739,2001,-96.78,32.77
2344,Dawson,10,2001,-101.95,32.74
2345,Deaf Smith,18,2001,-102.6,34.97
2346,Delta,2,2001,-95.67,33.39
2347,Denton,1194,2001,-97.12,33.21
2348,Dewitt,27,2001,-97.36,29.08
2349,Dickens,9,2001,-100.78,33.62
2350,Dimmit,22,2001,-99.76,28.42
2351,Donley,2,2001,-100.81,34.97
2352,Duval,26,2001,-98.51,27.68
2353,Eastland,15,2001,-98.83,32.33
2354,Ector,306,2001,-102.54,31.87
2355,Edwards,5,2001,-100.3,29.98
2356,Ellis,240,2001,-106.23,31.77
2357,El Paso,1899,2001,-96.79,32.35
2358,Erath,46,2001,-98.22,32.24
2359,Falls,37,2001,-96.94,31.25
2360,Fannin,38,2001,-96.11,33.59
2361,Fayette,17,2001,-96.92,29.88
2362,Fisher,1,2001,-100.4,32.74
2363,Floyd,6,2001,-101.3,34.07
2364,Foard,2,2001,-99.78,33.97
2365,Fort Bend,865,2001,-95.77,29.53
2366,Franklin,21,2001,-95.22,33.18
2367,Freestone,27,2001,-96.15,31.7
2368,Frio,28,2001,-99.11,28.87
2369,Gaines,15,2001,-102.64,32.74
2370,Galveston,633,2001,-94.86,29.38
2371,Garza,10,2001,-101.3,33.18
2372,Gillespie,22,2001,-98.95,30.32
2373,Glasscock,1,2001,-101.52,31.87
2374,Goliad,9,2001,-97.43,28.66
2375,Gonzales,44,2001,-97.49,29.46
2376,Gray,21,2001,-100.81,35.4
2377,Grayson,170,2001,-96.68,33.63
2378,Gregg,119,2001,-94.82,32.48
2379,Grimes,52,2001,-95.99,30.54
2380,Guadalupe,160,2001,-97.95,29.58
2381,Hale,50,2001,-101.83,34.07
2382,Hall,4,2001,-100.68,34.53
2383,Hamilton,11,2001,-98.11,31.7
2384,Hansford,4,2001,-101.35,36.28
2385,Hardeman,1,2001,-99.75,34.29
2386,Hardin,97,2001,-94.39,30.33
2387,Harris,18656,2001,-95.39,29.86
2388,Harrison,23,2001,-94.37,32.55
2389,Hartley,5,2001,-102.6,35.84
2390,Haskell,4,2001,-99.73,33.18
2391,Hays,412,2001,-98.03,30.06
2392,Hemphill,4,2001,-100.27,35.84
2393,Henderson,116,2001,-95.85,32.21
2394,Hidalgo,1524,2001,-98.18,26.4
2395,Hill,52,2001,-97.13,31.99
2396,Hockley,40,2001,-102.34,33.61
2397,Hood,50,2001,-97.83,32.43
2398,Hopkins,37,2001,-95.56,33.15
2399,Houston,66,2001,-95.42,31.32
2400,Howard,48,2001,-101.44,32.31
2401,Hudspeth,3,2001,-105.39,31.46
2402,Hunt,143,2001,-96.09,33.12
2403,Hutchinson,9,2001,-101.35,35.84
2404,Irion,1,2001,-100.98,31.3
2405,Jack,6,2001,-98.17,33.23
2406,Jackson,31,2001,-96.58,28.95
2407,Jasper,60,2001,-94.03,30.74
2408,Jeff Davis,6,2001,-104.14,30.72
2409,Jefferson,562,2001,-94.15,29.85
2410,Jim Hogg,9,2001,-98.7,27.04
2411,Jim Wells,95,2001,-98.09,27.73
2412,Johnson,200,2001,-97.37,32.38
2413,Jones,17,2001,-99.88,32.74
2414,Karnes,29,2001,-97.86,28.91
2415,Kaufman,132,2001,-96.29,32.6
2416,Kendall,31,2001,-98.71,29.94
2417,Kenedy,0,2001,-97.64,26.93
2418,Kent,7,2001,-100.78,33.18
2419,Kerr,74,2001,-99.35,30.06
2420,Kimble,5,2001,-99.75,30.49
2421,King,1,2001,-100.26,33.62
2422,Kinney,1,2001,-100.42,29.35
2423,Kleberg,88,2001,-97.67,27.43
2424,Knox,2,2001,-99.74,33.61
2425,Lamar,76,2001,-99.1,28.35
2426,Lamb,12,2001,-95.57,33.67
2427,Lampasas,30,2001,-102.35,34.07
2428,La Salle,11,2001,-98.24,31.2
2429,Lavaca,11,2001,-96.93,29.38
2430,Lee,33,2001,-96.97,30.31
2431,Leon,18,2001,-96,31.3
2432,Liberty,105,2001,-94.81,30.15
2433,Limestone,48,2001,-96.58,31.55
2434,Lipscomb,2,2001,-100.27,36.28
2435,Live Oak,18,2001,-98.12,28.35
2436,Llano,17,2001,-98.68,30.71
2437,Loving,1,2001,-103.58,31.85
2438,Lubbock,638,2001,-101.82,33.61
2439,Lynn,4,2001,-101.82,33.18
2440,Mcculloch,7,2001,-95.93,30.97
2441,Mclennan,633,2001,-94.36,32.8
2442,Mcmullen,3,2001,-101.95,32.31
2443,Madison,25,2001,-99.23,30.72
2444,Marion,3,2001,-96,28.79
2445,Martin,7,2001,-100.31,28.74
2446,Mason,6,2001,-99.35,31.2
2447,Matagorda,36,2001,-97.2,31.55
2448,Maverick,74,2001,-98.57,28.35
2449,Medina,68,2001,-99.11,29.36
2450,Menard,3,2001,-99.82,30.89
2451,Midland,268,2001,-102.03,31.87
2452,Milam,53,2001,-96.98,30.79
2453,Mills,3,2001,-98.6,31.5
2454,Mitchell,9,2001,-100.92,32.31
2455,Montague,16,2001,-97.72,33.68
2456,Montgomery,502,2001,-95.5,30.3
2457,Moore,16,2001,-101.89,35.84
2458,Morris,20,2001,-94.73,33.11
2459,Motley,3,2001,-100.78,34.07
2460,Nacogdoches,95,2001,-94.62,31.62
2461,Navarro,92,2001,-96.47,32.05
2462,Newton,16,2001,-93.74,30.79
2463,Nolan,10,2001,-100.41,32.3
2464,Nueces,1018,2001,-97.52,27.74
2465,Ochiltree,2,2001,-100.82,36.28
2466,Oldham,3,2001,-102.6,35.41
2467,Orange,127,2001,-93.89,30.12
2468,Palo Pinto,10,2001,-98.31,32.75
2469,Panola,6,2001,-94.31,32.16
2470,Parker,74,2001,-97.81,32.78
2471,Parmer,7,2001,-102.78,34.53
2472,Pecos,12,2001,-102.72,30.78
2473,Polk,33,2001,-94.83,30.79
2474,Potter,190,2001,-101.89,35.4
2475,Presidio,4,2001,-104.24,30
2476,Rains,9,2001,-95.79,32.87
2477,Randall,181,2001,-101.9,34.97
2478,Reagan,2,2001,-101.52,31.37
2479,Real,5,2001,-99.82,29.83
2480,Red River,16,2001,-95.05,33.62
2481,Reeves,9,2001,-103.69,31.32
2482,Refugio,17,2001,-97.16,28.32
2483,Roberts,0,2001,-100.81,35.84
2484,Robertson,31,2001,-96.51,31.03
2485,Rockwall,87,2001,-96.41,32.9
2486,Runnels,10,2001,-99.98,31.83
2487,Rusk,36,2001,-94.76,32.11
2488,Sabine,10,2001,-93.85,31.34
2489,San Augustine,5,2001,-94.17,31.39
2490,San Jacinto,19,2001,-95.17,30.58
2491,San Patricio,147,2001,-97.52,28.01
2492,San Saba,10,2001,-98.82,31.16
2493,Schleicher,1,2001,-100.54,30.9
2494,Scurry,20,2001,-100.92,32.75
2495,Shackelford,1,2001,-99.35,32.74
2496,Shelby,4,2001,-94.15,31.79
2497,Sherman,13,2001,-101.89,36.28
2498,Smith,306,2001,-95.27,32.38
2499,Somervell,4,2001,-97.77,32.22
2500,Starr,66,2001,-98.74,26.56
2501,Stephens,5,2001,-98.84,32.74
2502,Sterling,3,2001,-101.05,31.83
2503,Stonewall,14,2001,-100.25,33.18
2504,Sutton,6,2001,-100.54,30.5
2505,Swisher,5,2001,-101.74,34.53
2506,Tarrant,4868,2001,-97.29,32.77
2507,Taylor,133,2001,-99.89,32.3
2508,Terrell,20,2001,-102.08,30.22
2509,Terry,19,2001,-102.34,33.17
2510,Throckmorton,1,2001,-99.21,33.18
2511,Titus,50,2001,-94.97,33.22
2512,Tom Green,211,2001,-100.46,31.4
2513,Travis,4910,2001,-97.78,30.33
2514,Trinity,15,2001,-95.14,31.09
2515,Tyler,99,2001,-94.38,30.77
2516,Upshur,27,2001,-94.94,32.74
2517,Upton,0,2001,-102.04,31.37
2518,Uvalde,63,2001,-99.76,29.36
2519,Val Verde,98,2001,-101.15,29.89
2520,Van Zandt,64,2001,-95.84,32.56
2521,Victoria,128,2001,-96.97,28.8
2522,Walker,138,2001,-95.57,30.74
2523,Waller,86,2001,-95.99,30.01
2524,Ward,8,2001,-103.1,31.51
2525,Washington,56,2001,-96.4,30.21
2526,Webb,865,2001,-99.33,27.76
2527,Wharton,40,2001,-96.22,29.28
2528,Wheeler,6,2001,-100.27,35.4
2529,Wichita,213,2001,-98.7,33.99
2530,Wilbarger,18,2001,-99.24,34.08
2531,Willacy,44,2001,-97.59,26.48
2532,Williamson,711,2001,-97.6,30.65
2533,Wilson,47,2001,-98.09,29.17
2534,Winkler,6,2001,-103.05,31.85
2535,Wise,55,2001,-97.65,33.22
2536,Wood,32,2001,-95.38,32.79
2537,Yoakum,8,2001,-102.83,33.17
2538,Young,10,2001,-98.69,33.18
2539,Zapata,31,2001,-99.17,27
2540,Zavala,9,2001,-99.76,28.87
2033,Anderson,83,2002,-95.65,31.81
2034,Andrews,15,2002,-102.64,32.31
2035,Angelina,115,2002,-94.61,31.25
2036,Aransas,49,2002,-96.99,28.08
2037,Archer,8,2002,-98.69,33.62
2038,Armstrong,13,2002,-101.36,34.96
2039,Atascosa,75,2002,-98.53,28.89
2040,Austin,61,2002,-96.28,29.89
2041,Bailey,5,2002,-102.83,34.07
2042,Bandera,26,2002,-99.25,29.75
2043,Bastrop,166,2002,-97.31,30.1
2044,Baylor,9,2002,-99.21,33.62
2045,Bee,68,2002,-97.74,28.42
2046,Bell,992,2002,-97.48,31.04
2047,Bexar,7577,2002,-98.52,29.45
2048,Blanco,16,2002,-98.4,30.27
2049,Borden,0,2002,-101.43,32.74
2050,Bosque,16,2002,-97.63,31.9
2051,Bowie,39,2002,-94.42,33.45
2052,Brazoria,435,2002,-95.43,29.17
2053,Brazos,528,2002,-96.3,30.66
2054,Brewster,17,2002,-103.25,29.81
2055,Briscoe,2,2002,-101.21,34.53
2056,Brooks,16,2002,-98.22,27.03
2057,Brown,32,2002,-99,31.77
2058,Burleson,31,2002,-96.62,30.49
2059,Burnet,66,2002,-98.18,30.79
2060,Caldwell,80,2002,-97.62,29.84
2061,Calhoun,27,2002,-96.62,28.44
2062,Callahan,8,2002,-99.37,32.3
2063,Cameron,872,2002,-97.45,26.15
2064,Camp,12,2002,-94.98,32.97
2065,Carson,0,2002,-101.35,35.4
2066,Cass,6,2002,-94.34,33.08
2067,Castro,11,2002,-102.26,34.53
2068,Chambers,32,2002,-94.67,29.71
2069,Cherokee,62,2002,-95.17,31.84
2070,Childress,5,2002,-100.21,34.53
2071,Clay,13,2002,-98.21,33.79
2072,Cochran,0,2002,-102.83,33.6
2073,Coke,8,2002,-100.53,31.89
2074,Coleman,5,2002,-99.45,31.77
2075,Collin,1489,2002,-96.57,33.19
2076,Collingsworth,2,2002,-100.27,34.96
2077,Colorado,25,2002,-96.53,29.62
2078,Comal,167,2002,-98.28,29.81
2079,Comanche,18,2002,-98.56,31.95
2080,Concho,1,2002,-99.86,31.33
2081,Cooke,64,2002,-97.21,33.64
2082,Coryell,202,2002,-97.8,31.39
2083,Cottle,6,2002,-100.28,34.08
2084,Crane,6,2002,-102.52,31.43
2085,Crockett,7,2002,-101.41,30.72
2086,Crosby,22,2002,-101.3,33.61
2087,Culberson,5,2002,-104.52,31.45
2088,Dallam,4,2002,-102.6,36.28
2089,Dallas,12450,2002,-96.78,32.77
2090,Dawson,11,2002,-101.95,32.74
2091,Deaf Smith,18,2002,-102.6,34.97
2092,Delta,6,2002,-95.67,33.39
2093,Denton,1327,2002,-97.12,33.21
2094,De Witt,24,2002,-97.36,29.08
2095,Dickens,5,2002,-100.78,33.62
2096,Dimmit,12,2002,-99.76,28.42
2097,Donley,6,2002,-100.81,34.97
2098,Duval,33,2002,-98.51,27.68
2099,Eastland,20,2002,-98.83,32.33
2100,Ector,236,2002,-102.54,31.87
2101,Edwards,5,2002,-100.3,29.98
2102,Ellis,257,2002,-106.23,31.77
2103,El Paso,1932,2002,-96.79,32.35
2104,Erath,58,2002,-98.22,32.24
2105,Falls,44,2002,-96.94,31.25
2106,Fannin,44,2002,-96.11,33.59
2107,Fayette,35,2002,-96.92,29.88
2108,Fisher,1,2002,-100.4,32.74
2109,Floyd,8,2002,-101.3,34.07
2110,Foard,3,2002,-99.78,33.97
2111,Fort Bend,954,2002,-95.77,29.53
2112,Franklin,6,2002,-95.22,33.18
2113,Freestone,30,2002,-96.15,31.7
2114,Frio,28,2002,-99.11,28.87
2115,Gaines,11,2002,-102.64,32.74
2116,Galveston,685,2002,-94.86,29.38
2117,Garza,9,2002,-101.3,33.18
2118,Gillespie,19,2002,-98.95,30.32
2119,Glasscock,0,2002,-101.52,31.87
2120,Goliad,18,2002,-97.43,28.66
2121,Gonzales,52,2002,-97.49,29.46
2122,Gray,11,2002,-100.81,35.4
2123,Grayson,178,2002,-96.68,33.63
2124,Gregg,114,2002,-94.82,32.48
2125,Grimes,41,2002,-95.99,30.54
2126,Guadalupe,162,2002,-97.95,29.58
2127,Hale,49,2002,-101.83,34.07
2128,Hall,5,2002,-100.68,34.53
2129,Hamilton,8,2002,-98.11,31.7
2130,Hansford,2,2002,-101.35,36.28
2131,Hardeman,9,2002,-99.75,34.29
2132,Hardin,81,2002,-94.39,30.33
2133,Harris,17174,2002,-95.39,29.86
2134,Harrison,30,2002,-94.37,32.55
2135,Hartley,3,2002,-102.6,35.84
2136,Haskell,8,2002,-99.73,33.18
2137,Hays,373,2002,-98.03,30.06
2138,Hemphill,5,2002,-100.27,35.84
2139,Henderson,94,2002,-95.85,32.21
2140,Hidalgo,1424,2002,-98.18,26.4
2141,Hill,41,2002,-97.13,31.99
2142,Hockley,39,2002,-102.34,33.61
2143,Hood,38,2002,-97.83,32.43
2144,Hopkins,25,2002,-95.56,33.15
2145,Houston,101,2002,-95.42,31.32
2146,Howard,43,2002,-101.44,32.31
2147,Hudspeth,2,2002,-105.39,31.46
2148,Hunt,147,2002,-96.09,33.12
2149,Hutchinson,27,2002,-101.35,35.84
2150,Irion,0,2002,-100.98,31.3
2151,Jack,10,2002,-98.17,33.23
2152,Jackson,29,2002,-96.58,28.95
2153,Jasper,66,2002,-94.03,30.74
2154,Jeff Davis,3,2002,-104.14,30.72
2155,Jefferson,595,2002,-94.15,29.85
2156,Jim Hogg,7,2002,-98.7,27.04
2157,Jim Wells,109,2002,-98.09,27.73
2158,Johnson,216,2002,-97.37,32.38
2159,Jones,21,2002,-99.88,32.74
2160,Karnes,20,2002,-97.86,28.91
2161,Kaufman,169,2002,-96.29,32.6
2162,Kendall,21,2002,-98.71,29.94
2163,Kenedy,1,2002,-97.64,26.93
2164,Kent,1,2002,-100.78,33.18
2165,Kerr,63,2002,-99.35,30.06
2166,Kimble,9,2002,-99.75,30.49
2167,King,0,2002,-100.26,33.62
2168,Kinney,6,2002,-100.42,29.35
2169,Kleberg,116,2002,-97.67,27.43
2170,Knox,5,2002,-99.74,33.61
2171,Lamar,88,2002,-99.1,28.35
2172,Lamb,14,2002,-95.57,33.67
2173,Lampasas,37,2002,-102.35,34.07
2174,La Salle,17,2002,-98.24,31.2
2175,Lavaca,19,2002,-96.93,29.38
2176,Lee,34,2002,-96.97,30.31
2177,Leon,22,2002,-96,31.3
2178,Liberty,115,2002,-94.81,30.15
2179,Limestone,48,2002,-96.58,31.55
2180,Lipscomb,0,2002,-100.27,36.28
2181,Live Oak,12,2002,-98.12,28.35
2182,Llano,21,2002,-98.68,30.71
2183,Loving,0,2002,-103.58,31.85
2184,Lubbock,743,2002,-101.82,33.61
2185,Lynn,4,2002,-101.82,33.18
2186,Mcculloch,14,2002,-95.93,30.97
2187,Mclennan,659,2002,-94.36,32.8
2188,Mcmullen,2,2002,-101.95,32.31
2189,Madison,23,2002,-99.23,30.72
2190,Marion,6,2002,-96,28.79
2191,Martin,2,2002,-100.31,28.74
2192,Mason,6,2002,-99.35,31.2
2193,Matagorda,44,2002,-97.2,31.55
2194,Maverick,48,2002,-98.57,28.35
2195,Medina,62,2002,-99.11,29.36
2196,Menard,1,2002,-99.82,30.89
2197,Midland,211,2002,-102.03,31.87
2198,Milam,54,2002,-96.98,30.79
2199,Mills,5,2002,-98.6,31.5
2200,Mitchell,7,2002,-100.92,32.31
2201,Montague,15,2002,-97.72,33.68
2202,Montgomery,563,2002,-95.5,30.3
2203,Moore,14,2002,-101.89,35.84
2204,Morris,17,2002,-94.73,33.11
2205,Motley,3,2002,-100.78,34.07
2206,Nacogdoches,111,2002,-94.62,31.62
2207,Navarro,91,2002,-96.47,32.05
2208,Newton,16,2002,-93.74,30.79
2209,Nolan,18,2002,-100.41,32.3
2210,Nueces,1347,2002,-97.52,27.74
2211,Ochiltree,1,2002,-100.82,36.28
2212,Oldham,1,2002,-102.6,35.41
2213,Orange,111,2002,-93.89,30.12
2214,Palo Pinto,39,2002,-98.31,32.75
2215,Panola,5,2002,-94.31,32.16
2216,Parker,116,2002,-97.81,32.78
2217,Parmer,24,2002,-102.78,34.53
2218,Pecos,14,2002,-102.72,30.78
2219,Polk,51,2002,-94.83,30.79
2220,Potter,190,2002,-101.89,35.4
2221,Presidio,7,2002,-104.24,30
2222,Rains,16,2002,-95.79,32.87
2223,Randall,183,2002,-101.9,34.97
2224,Reagan,4,2002,-101.52,31.37
2225,Real,5,2002,-99.82,29.83
2226,Red River,10,2002,-95.05,33.62
2227,Reeves,11,2002,-103.69,31.32
2228,Refugio,15,2002,-97.16,28.32
2229,Roberts,2,2002,-100.81,35.84
2230,Robertson,33,2002,-96.51,31.03
2231,Rockwall,99,2002,-96.41,32.9
2232,Runnels,16,2002,-99.98,31.83
2233,Rusk,32,2002,-94.76,32.11
2234,Sabine,8,2002,-93.85,31.34
2235,San Augustine,3,2002,-94.17,31.39
2236,San Jacinto,22,2002,-95.17,30.58
2237,San Patricio,178,2002,-97.52,28.01
2238,San Saba,10,2002,-98.82,31.16
2239,Schleicher,6,2002,-100.54,30.9
2240,Scurry,19,2002,-100.92,32.75
2241,Shackelford,1,2002,-99.35,32.74
2242,Shelby,7,2002,-94.15,31.79
2243,Sherman,32,2002,-101.89,36.28
2244,Smith,333,2002,-95.27,32.38
2245,Somervell,9,2002,-97.77,32.22
2246,Starr,76,2002,-98.74,26.56
2247,Stephens,12,2002,-98.84,32.74
2248,Sterling,2,2002,-101.05,31.83
2249,Stonewall,0,2002,-100.25,33.18
2250,Sutton,12,2002,-100.54,30.5
2251,Swisher,10,2002,-101.74,34.53
2252,Tarrant,5171,2002,-97.29,32.77
2253,Taylor,159,2002,-99.89,32.3
2254,Terrell,27,2002,-102.08,30.22
2255,Terry,19,2002,-102.34,33.17
2256,Throckmorton,0,2002,-99.21,33.18
2257,Titus,41,2002,-94.97,33.22
2258,Tom Green,213,2002,-100.46,31.4
2259,Travis,4501,2002,-97.78,30.33
2260,Trinity,11,2002,-95.14,31.09
2261,Tyler,141,2002,-94.38,30.77
2262,Upshur,25,2002,-94.94,32.74
2263,Upton,5,2002,-102.04,31.37
2264,Uvalde,52,2002,-99.76,29.36
2265,Val Verde,65,2002,-101.15,29.89
2266,Van Zandt,69,2002,-95.84,32.56
2267,Victoria,167,2002,-96.97,28.8
2268,Walker,144,2002,-95.57,30.74
2269,Waller,84,2002,-95.99,30.01
2270,Ward,11,2002,-103.1,31.51
2271,Washington,56,2002,-96.4,30.21
2272,Webb,627,2002,-99.33,27.76
2273,Wharton,56,2002,-96.22,29.28
2274,Wheeler,0,2002,-100.27,35.4
2275,Wichita,264,2002,-98.7,33.99
2276,Wilbarger,27,2002,-99.24,34.08
2277,Willacy,51,2002,-97.59,26.48
2278,Williamson,801,2002,-97.6,30.65
2279,Wilson,47,2002,-98.09,29.17
2280,Winkler,14,2002,-103.05,31.85
2281,Wise,57,2002,-97.65,33.22
2282,Wood,37,2002,-95.38,32.79
2283,Yoakum,11,2002,-102.83,33.17
2284,Young,18,2002,-98.69,33.18
2285,Zapata,22,2002,-99.17,27
2286,Zavala,20,2002,-99.76,28.87
1779,Anderson,77,2003,-95.65,31.81
1780,Andrews,13,2003,-102.64,32.31
1781,Angelina,111,2003,-94.61,31.25
1782,Aransas,51,2003,-96.99,28.08
1783,Archer,7,2003,-98.69,33.62
1784,Armstrong,5,2003,-101.36,34.96
1785,Atascosa,79,2003,-98.53,28.89
1786,Austin,56,2003,-96.28,29.89
1787,Bailey,12,2003,-102.83,34.07
1788,Bandera,26,2003,-99.25,29.75
1789,Bastrop,137,2003,-97.31,30.1
1790,Baylor,6,2003,-99.21,33.62
1791,Bee,68,2003,-97.74,28.42
1792,Bell,1023,2003,-97.48,31.04
1793,Bexar,7246,2003,-98.52,29.45
1794,Blanco,22,2003,-98.4,30.27
1795,Borden,2,2003,-101.43,32.74
1796,Bosque,22,2003,-97.63,31.9
1797,Bowie,33,2003,-94.42,33.45
1798,Brazoria,460,2003,-95.43,29.17
1799,Brazos,531,2003,-96.3,30.66
1800,Brewster,15,2003,-103.25,29.81
1801,Briscoe,10,2003,-101.21,34.53
1802,Brooks,17,2003,-98.22,27.03
1803,Brown,29,2003,-99,31.77
1804,Burleson,40,2003,-96.62,30.49
1805,Burnet,65,2003,-98.18,30.79
1806,Caldwell,85,2003,-97.62,29.84
1807,Calhoun,29,2003,-96.62,28.44
1808,Callahan,12,2003,-99.37,32.3
1809,Cameron,770,2003,-97.45,26.15
1810,Camp,15,2003,-94.98,32.97
1811,Carson,8,2003,-101.35,35.4
1812,Cass,8,2003,-94.34,33.08
1813,Castro,10,2003,-102.26,34.53
1814,Chambers,34,2003,-94.67,29.71
1815,Cherokee,44,2003,-95.17,31.84
1816,Childress,9,2003,-100.21,34.53
1817,Clay,12,2003,-98.21,33.79
1818,Cochran,1,2003,-102.83,33.6
1819,Coke,5,2003,-100.53,31.89
1820,Coleman,8,2003,-99.45,31.77
1821,Collin,1593,2003,-96.57,33.19
1822,Collingsworth,2,2003,-100.27,34.96
1823,Colorado,22,2003,-96.53,29.62
1824,Comal,199,2003,-98.28,29.81
1825,Comanche,21,2003,-98.56,31.95
1826,Concho,2,2003,-99.86,31.33
1827,Cooke,49,2003,-97.21,33.64
1828,Coryell,164,2003,-97.8,31.39
1829,Cottle,6,2003,-100.28,34.08
1830,Crane,3,2003,-102.52,31.43
1831,Crockett,10,2003,-101.41,30.72
1832,Crosby,16,2003,-101.3,33.61
1833,Culberson,0,2003,-104.52,31.45
1834,Dallam,9,2003,-102.6,36.28
1835,Dallas,11784,2003,-96.78,32.77
1836,Dawson,15,2003,-101.95,32.74
1837,Deaf Smith,16,2003,-102.6,34.97
1838,Delta,7,2003,-95.67,33.39
1839,Denton,1394,2003,-97.12,33.21
1840,De Witt,24,2003,-97.36,29.08
1841,Dickens,0,2003,-100.78,33.62
1842,Dimmit,12,2003,-99.76,28.42
1843,Donley,7,2003,-100.81,34.97
1844,Duval,31,2003,-98.51,27.68
1845,Eastland,21,2003,-98.83,32.33
1846,Ector,275,2003,-102.54,31.87
1847,Edwards,1,2003,-100.3,29.98
1848,Ellis,236,2003,-106.23,31.77
1849,El Paso,2257,2003,-96.79,32.35
1850,Erath,80,2003,-98.22,32.24
1851,Falls,36,2003,-96.94,31.25
1852,Fannin,34,2003,-96.11,33.59
1853,Fayette,18,2003,-96.92,29.88
1854,Fisher,3,2003,-100.4,32.74
1855,Floyd,9,2003,-101.3,34.07
1856,Foard,2,2003,-99.78,33.97
1857,Fort Bend,909,2003,-95.77,29.53
1858,Franklin,21,2003,-95.22,33.18
1859,Freestone,36,2003,-96.15,31.7
1860,Frio,43,2003,-99.11,28.87
1861,Gaines,12,2003,-102.64,32.74
1862,Galveston,751,2003,-94.86,29.38
1863,Garza,10,2003,-101.3,33.18
1864,Gillespie,36,2003,-98.95,30.32
1865,Glasscock,0,2003,-101.52,31.87
1866,Goliad,10,2003,-97.43,28.66
1867,Gonzales,40,2003,-97.49,29.46
1868,Gray,15,2003,-100.81,35.4
1869,Grayson,212,2003,-96.68,33.63
1870,Gregg,112,2003,-94.82,32.48
1871,Grimes,38,2003,-95.99,30.54
1872,Guadalupe,186,2003,-97.95,29.58
1873,Hale,43,2003,-101.83,34.07
1874,Hall,1,2003,-100.68,34.53
1875,Hamilton,7,2003,-98.11,31.7
1876,Hansford,4,2003,-101.35,36.28
1877,Hardeman,5,2003,-99.75,34.29
1878,Hardin,101,2003,-94.39,30.33
1879,Harris,17233,2003,-95.39,29.86
1880,Harrison,21,2003,-94.37,32.55
1881,Hartley,3,2003,-102.6,35.84
1882,Haskell,5,2003,-99.73,33.18
1883,Hays,340,2003,-98.03,30.06
1884,Hemphill,1,2003,-100.27,35.84
1885,Henderson,123,2003,-95.85,32.21
1886,Hidalgo,1419,2003,-98.18,26.4
1887,Hill,64,2003,-97.13,31.99
1888,Hockley,54,2003,-102.34,33.61
1889,Hood,53,2003,-97.83,32.43
1890,Hopkins,27,2003,-95.56,33.15
1891,Houston,43,2003,-95.42,31.32
1892,Howard,34,2003,-101.44,32.31
1893,Hudspeth*,3,2003,-105.39,31.46
1894,Hunt,157,2003,-96.09,33.12
1895,Hutchinson,25,2003,-101.35,35.84
1896,Irion,3,2003,-100.98,31.3
1897,Jack,11,2003,-98.17,33.23
1898,Jackson,31,2003,-96.58,28.95
1899,Jasper,92,2003,-94.03,30.74
1900,Jeff Davis,9,2003,-104.14,30.72
1901,Jefferson,617,2003,-94.15,29.85
1902,Jim Hogg,12,2003,-98.7,27.04
1903,Jim Wells,111,2003,-98.09,27.73
1904,Johnson,252,2003,-97.37,32.38
1905,Jones,19,2003,-99.88,32.74
1906,Karnes,17,2003,-97.86,28.91
1907,Kaufman,177,2003,-96.29,32.6
1908,Kendall,52,2003,-98.71,29.94
1909,Kenedy,2,2003,-97.64,26.93
1910,Kent,1,2003,-100.78,33.18
1911,Kerr,83,2003,-99.35,30.06
1912,Kimble,11,2003,-99.75,30.49
1913,King,2,2003,-100.26,33.62
1914,Kinney,5,2003,-100.42,29.35
1915,Kleberg,104,2003,-97.67,27.43
1916,Knox,1,2003,-99.74,33.61
1917,Lamar,57,2003,-99.1,28.35
1918,Lamb,11,2003,-95.57,33.67
1919,Lampasas,32,2003,-102.35,34.07
1920,La Salle,15,2003,-98.24,31.2
1921,Lavaca,16,2003,-96.93,29.38
1922,Lee,17,2003,-96.97,30.31
1923,Leon,23,2003,-96,31.3
1924,Liberty,76,2003,-94.81,30.15
1925,Limestone,45,2003,-96.58,31.55
1926,Lipscomb,0,2003,-100.27,36.28
1927,Live Oak,12,2003,-98.12,28.35
1928,Llano,13,2003,-98.68,30.71
1929,Loving,2,2003,-103.58,31.85
1930,Lubbock,652,2003,-101.82,33.61
1931,Lynn,5,2003,-101.82,33.18
1932,Mcculloch,7,2003,-95.93,30.97
1933,Mclennan,639,2003,-94.36,32.8
1934,Mcmullen,4,2003,-101.95,32.31
1935,Madison,22,2003,-99.23,30.72
1936,Marion,3,2003,-96,28.79
1937,Martin,5,2003,-100.31,28.74
1938,Mason,0,2003,-99.35,31.2
1939,Matagorda,46,2003,-97.2,31.55
1940,Maverick,57,2003,-98.57,28.35
1941,Medina,84,2003,-99.11,29.36
1942,Menard,2,2003,-99.82,30.89
1943,Midland,232,2003,-102.03,31.87
1944,Milam,41,2003,-96.98,30.79
1945,Mills,3,2003,-98.6,31.5
1946,Mitchell,14,2003,-100.92,32.31
1947,Montague,11,2003,-97.72,33.68
1948,Montgomery,523,2003,-95.5,30.3
1949,Moore,18,2003,-101.89,35.84
1950,Morris,15,2003,-94.73,33.11
1951,Motley,4,2003,-100.78,34.07
1952,Nacogdoches,102,2003,-94.62,31.62
1953,Navarro,84,2003,-96.47,32.05
1954,Newton,9,2003,-93.74,30.79
1955,Nolan,17,2003,-100.41,32.3
1956,Nueces,1259,2003,-97.52,27.74
1957,Ochiltree,5,2003,-100.82,36.28
1958,Oldham,2,2003,-102.6,35.41
1959,Orange,148,2003,-93.89,30.12
1960,Palo Pinto,27,2003,-98.31,32.75
1961,Panola,11,2003,-94.31,32.16
1962,Parker,197,2003,-97.81,32.78
1963,Parmer,6,2003,-102.78,34.53
1964,Pecos,19,2003,-102.72,30.78
1965,Polk,27,2003,-94.83,30.79
1966,Potter,187,2003,-101.89,35.4
1967,Presidio,4,2003,-104.24,30
1968,Rains,12,2003,-95.79,32.87
1969,Randall,188,2003,-101.9,34.97
1970,Reagan,5,2003,-101.52,31.37
1971,Real,2,2003,-99.82,29.83
1972,Red River,13,2003,-95.05,33.62
1973,Reeves,15,2003,-103.69,31.32
1974,Refugio,10,2003,-97.16,28.32
1975,Roberts,0,2003,-100.81,35.84
1976,Robertson,25,2003,-96.51,31.03
1977,Rockwall,109,2003,-96.41,32.9
1978,Runnels,16,2003,-99.98,31.83
1979,Rusk,34,2003,-94.76,32.11
1980,Sabine,7,2003,-93.85,31.34
1981,San Augustine,5,2003,-94.17,31.39
1982,San Jacinto,14,2003,-95.17,30.58
1983,San Patricio,148,2003,-97.52,28.01
1984,San Saba,10,2003,-98.82,31.16
1985,Schleicher,3,2003,-100.54,30.9
1986,Scurry,33,2003,-100.92,32.75
1987,Shackelford,2,2003,-99.35,32.74
1988,Shelby,6,2003,-94.15,31.79
1989,Sherman,23,2003,-101.89,36.28
1990,Smith,350,2003,-95.27,32.38
1991,Somervell,10,2003,-97.77,32.22
1992,Starr,81,2003,-98.74,26.56
1993,Stephens,6,2003,-98.84,32.74
1994,Sterling,2,2003,-101.05,31.83
1995,Stonewall,1,2003,-100.25,33.18
1996,Sutton,13,2003,-100.54,30.5
1997,Swisher,9,2003,-101.74,34.53
1998,Tarrant,6399,2003,-97.29,32.77
1999,Taylor,189,2003,-99.89,32.3
2000,Terrell,29,2003,-102.08,30.22
2001,Terry,17,2003,-102.34,33.17
2002,Throckmorton,2,2003,-99.21,33.18
2003,Titus,42,2003,-94.97,33.22
2004,Tom Green,196,2003,-100.46,31.4
2005,Travis,4141,2003,-97.78,30.33
2006,Trinity,21,2003,-95.14,31.09
2007,Tyler,122,2003,-94.38,30.77
2008,Upshur,19,2003,-94.94,32.74
2009,Upton,0,2003,-102.04,31.37
2010,Uvalde,64,2003,-99.76,29.36
2011,Val Verde,78,2003,-101.15,29.89
2012,Van Zandt,57,2003,-95.84,32.56
2013,Victoria,158,2003,-96.97,28.8
2014,Walker,146,2003,-95.57,30.74
2015,Waller,84,2003,-95.99,30.01
2016,Ward,4,2003,-103.1,31.51
2017,Washington,61,2003,-96.4,30.21
2018,Webb,631,2003,-99.33,27.76
2019,Wharton,54,2003,-96.22,29.28
2020,Wheeler,6,2003,-100.27,35.4
2021,Wichita,266,2003,-98.7,33.99
2022,Wilbarger,22,2003,-99.24,34.08
2023,Willacy,44,2003,-97.59,26.48
2024,Williamson,768,2003,-97.6,30.65
2025,Wilson,74,2003,-98.09,29.17
2026,Winkler,9,2003,-103.05,31.85
2027,Wise,42,2003,-97.65,33.22
2028,Wood,44,2003,-95.38,32.79
2029,Yoakum,4,2003,-102.83,33.17
2030,Young,17,2003,-98.69,33.18
2031,Zapata,22,2003,-99.17,27
2032,Zavala,18,2003,-99.76,28.87
1525,Anderson,68,2004,-95.65,31.81
1526,Andrews,16,2004,-102.64,32.31
1527,Angelina,116,2004,-94.61,31.25
1528,Aransas,55,2004,-96.99,28.08
1529,Archer,6,2004,-98.69,33.62
1530,Armstrong,13,2004,-101.36,34.96
1531,Atascosa,86,2004,-98.53,28.89
1532,Austin,45,2004,-96.28,29.89
1533,Bailey,4,2004,-102.83,34.07
1534,Bandera,28,2004,-99.25,29.75
1535,Bastrop,116,2004,-97.31,30.1
1536,Baylor,4,2004,-99.21,33.62
1537,Bee,64,2004,-97.74,28.42
1538,Bell,972,2004,-97.48,31.04
1539,Bexar,6714,2004,-98.52,29.45
1540,Blanco,19,2004,-98.4,30.27
1541,Borden,1,2004,-101.43,32.74
1542,Bosque,18,2004,-97.63,31.9
1543,Bowie,33,2004,-94.42,33.45
1544,Brazoria,487,2004,-95.43,29.17
1545,Brazos,433,2004,-96.3,30.66
1546,Brewster,15,2004,-103.25,29.81
1547,Briscoe,25,2004,-101.21,34.53
1548,Brooks,17,2004,-98.22,27.03
1549,Brown,36,2004,-99,31.77
1550,Burleson,35,2004,-96.62,30.49
1551,Burnet,52,2004,-98.18,30.79
1552,Caldwell,67,2004,-97.62,29.84
1553,Calhoun,44,2004,-96.62,28.44
1554,Callahan,9,2004,-99.37,32.3
1555,Cameron,791,2004,-97.45,26.15
1556,Camp,16,2004,-94.98,32.97
1557,Carson,3,2004,-101.35,35.4
1558,Cass,4,2004,-94.34,33.08
1559,Castro,8,2004,-102.26,34.53
1560,Chambers,48,2004,-94.67,29.71
1561,Cherokee,49,2004,-95.17,31.84
1562,Childress,4,2004,-100.21,34.53
1563,Clay,10,2004,-98.21,33.79
1564,Cochran,3,2004,-102.83,33.6
1565,Coke,1,2004,-100.53,31.89
1566,Coleman,5,2004,-99.45,31.77
1567,Collin,1581,2004,-96.57,33.19
1568,Collingsworth,2,2004,-100.27,34.96
1569,Colorado,24,2004,-96.53,29.62
1570,Comal,162,2004,-98.28,29.81
1571,Comanche,13,2004,-98.56,31.95
1572,Concho,1,2004,-99.86,31.33
1573,Cooke,63,2004,-97.21,33.64
1574,Coryell,132,2004,-97.8,31.39
1575,Cottle,8,2004,-100.28,34.08
1576,Crane,8,2004,-102.52,31.43
1577,Crockett,4,2004,-101.41,30.72
1578,Crosby,25,2004,-101.3,33.61
1579,Culberson,5,2004,-104.52,31.45
1580,Dallam,12,2004,-102.6,36.28
1581,Dallas,11158,2004,-96.78,32.77
1582,Dawson,12,2004,-101.95,32.74
1583,Deaf Smith,15,2004,-102.6,34.97
1584,Delta,4,2004,-95.67,33.39
1585,Denton,1388,2004,-97.12,33.21
1586,Dewitt,25,2004,-97.36,29.08
1587,Dickens,2,2004,-100.78,33.62
1588,Dimmit,20,2004,-99.76,28.42
1589,Donley,3,2004,-100.81,34.97
1590,Duval,30,2004,-98.51,27.68
1591,Eastland,21,2004,-98.83,32.33
1592,Ector,326,2004,-102.54,31.87
1593,Edwards,5,2004,-100.3,29.98
1594,Ellis,224,2004,-106.23,31.77
1595,El Paso,2000,2004,-96.79,32.35
1596,Erath,73,2004,-98.22,32.24
1597,Falls,31,2004,-96.94,31.25
1598,Fannin,25,2004,-96.11,33.59
1599,Fayette,33,2004,-96.92,29.88
1600,Fisher,4,2004,-100.4,32.74
1601,Floyd,5,2004,-101.3,34.07
1602,Foard,5,2004,-99.78,33.97
1603,Fort Bend,1120,2004,-95.77,29.53
1604,Franklin,11,2004,-95.22,33.18
1605,Freestone,42,2004,-96.15,31.7
1606,Frio,31,2004,-99.11,28.87
1607,Gaines,9,2004,-102.64,32.74
1608,Galveston,759,2004,-94.86,29.38
1609,Garza,4,2004,-101.3,33.18
1610,Gillespie,35,2004,-98.95,30.32
1611,Glasscock,1,2004,-101.52,31.87
1612,Goliad,11,2004,-97.43,28.66
1613,Gonzales,23,2004,-97.49,29.46
1614,Gray,26,2004,-100.81,35.4
1615,Grayson,186,2004,-96.68,33.63
1616,Gregg,96,2004,-94.82,32.48
1617,Grimes,52,2004,-95.99,30.54
1618,Guadalupe,179,2004,-97.95,29.58
1619,Hale,43,2004,-101.83,34.07
1620,Hall,2,2004,-100.68,34.53
1621,Hamilton,11,2004,-98.11,31.7
1622,Hansford,2,2004,-101.35,36.28
1623,Hardeman,10,2004,-99.75,34.29
1624,Hardin,85,2004,-94.39,30.33
1625,Harris,17247,2004,-95.39,29.86
1626,Harrison,22,2004,-94.37,32.55
1627,Hartley,3,2004,-102.6,35.84
1628,Haskell,6,2004,-99.73,33.18
1629,Hays,343,2004,-98.03,30.06
1630,Hemphill,0,2004,-100.27,35.84
1631,Henderson,107,2004,-95.85,32.21
1632,Hidalgo,1320,2004,-98.18,26.4
1633,Hill,65,2004,-97.13,31.99
1634,Hockley,18,2004,-102.34,33.61
1635,Hood,62,2004,-97.83,32.43
1636,Hopkins,51,2004,-95.56,33.15
1637,Houston,17,2004,-95.42,31.32
1638,Howard,47,2004,-101.44,32.31
1639,Hudspeth,4,2004,-105.39,31.46
1640,Hunt,148,2004,-96.09,33.12
1641,Hutchinson,12,2004,-101.35,35.84
1642,Irion,1,2004,-100.98,31.3
1643,Jack,10,2004,-98.17,33.23
1644,Jackson,31,2004,-96.58,28.95
1645,Jasper,77,2004,-94.03,30.74
1646,Jeff Davis,4,2004,-104.14,30.72
1647,Jefferson,549,2004,-94.15,29.85
1648,Jim Hogg,2,2004,-98.7,27.04
1649,Jim Wells,91,2004,-98.09,27.73
1650,Johnson,254,2004,-97.37,32.38
1651,Jones,22,2004,-99.88,32.74
1652,Karnes,21,2004,-97.86,28.91
1653,Kaufman,159,2004,-96.29,32.6
1654,Kendall,56,2004,-98.71,29.94
1655,Kenedy,0,2004,-97.64,26.93
1656,Kent,0,2004,-100.78,33.18
1657,Kerr,89,2004,-99.35,30.06
1658,Kimble,5,2004,-99.75,30.49
1659,King,0,2004,-100.26,33.62
1660,Kinney,5,2004,-100.42,29.35
1661,Kleberg,98,2004,-97.67,27.43
1662,Knox,1,2004,-99.74,33.61
1663,Lamar,65,2004,-99.1,28.35
1664,Lamb,11,2004,-95.57,33.67
1665,Lampasas,19,2004,-102.35,34.07
1666,La Salle,9,2004,-98.24,31.2
1667,Lavaca,17,2004,-96.93,29.38
1668,Lee,26,2004,-96.97,30.31
1669,Leon,20,2004,-96,31.3
1670,Liberty,88,2004,-94.81,30.15
1671,Limestone,42,2004,-96.58,31.55
1672,Lipscomb,0,2004,-100.27,36.28
1673,Live Oak,17,2004,-98.12,28.35
1674,Llano,12,2004,-98.68,30.71
1675,Loving,1,2004,-103.58,31.85
1676,Lubbock,634,2004,-101.82,33.61
1677,Lynn,8,2004,-101.82,33.18
1678,Mcculloch,5,2004,-95.93,30.97
1679,Mclennan,648,2004,-94.36,32.8
1680,Mcmullen,3,2004,-101.95,32.31
1681,Madison,22,2004,-99.23,30.72
1682,Marion,7,2004,-96,28.79
1683,Martin,2,2004,-100.31,28.74
1684,Mason,4,2004,-99.35,31.2
1685,Matagorda,54,2004,-97.2,31.55
1686,Maverick,51,2004,-98.57,28.35
1687,Medina,84,2004,-99.11,29.36
1688,Menard,1,2004,-99.82,30.89
1689,Midland,264,2004,-102.03,31.87
1690,Milam,24,2004,-96.98,30.79
1691,Mills,0,2004,-98.6,31.5
1692,Mitchell,4,2004,-100.92,32.31
1693,Montague,13,2004,-97.72,33.68
1694,Montgomery,627,2004,-95.5,30.3
1695,Moore,14,2004,-101.89,35.84
1696,Morris,12,2004,-94.73,33.11
1697,Motley,1,2004,-100.78,34.07
1698,Nacogdoches,120,2004,-94.62,31.62
1699,Navarro,83,2004,-96.47,32.05
1700,Newton,4,2004,-93.74,30.79
1701,Nolan,16,2004,-100.41,32.3
1702,Nueces,1130,2004,-97.52,27.74
1703,Ochiltree,6,2004,-100.82,36.28
1704,Oldham,2,2004,-102.6,35.41
1705,Orange,122,2004,-93.89,30.12
1706,Palo Pinto,49,2004,-98.31,32.75
1707,Panola,7,2004,-94.31,32.16
1708,Parker,177,2004,-97.81,32.78
1709,Parmer,8,2004,-102.78,34.53
1710,Pecos,21,2004,-102.72,30.78
1711,Polk,44,2004,-94.83,30.79
1712,Potter,206,2004,-101.89,35.4
1713,Presidio,6,2004,-104.24,30
1714,Rains,11,2004,-95.79,32.87
1715,Randall,145,2004,-101.9,34.97
1716,Reagan,7,2004,-101.52,31.37
1717,Real,5,2004,-99.82,29.83
1718,Red River,14,2004,-95.05,33.62
1719,Reeves,8,2004,-103.69,31.32
1720,Refugio,15,2004,-97.16,28.32
1721,Roberts,1,2004,-100.81,35.84
1722,Robertson,31,2004,-96.51,31.03
1723,Rockwall,104,2004,-96.41,32.9
1724,Runnels,11,2004,-99.98,31.83
1725,Rusk,26,2004,-94.76,32.11
1726,Sabine,6,2004,-93.85,31.34
1727,San Augustine,5,2004,-94.17,31.39
1728,San Jacinto,19,2004,-95.17,30.58
1729,San Patricio,126,2004,-97.52,28.01
1730,San Saba,11,2004,-98.82,31.16
1731,Schleicher,2,2004,-100.54,30.9
1732,Scurry,15,2004,-100.92,32.75
1733,Shackelford,1,2004,-99.35,32.74
1734,Shelby,5,2004,-94.15,31.79
1735,Sherman,22,2004,-101.89,36.28
1736,Smith,354,2004,-95.27,32.38
1737,Somervell,10,2004,-97.77,32.22
1738,Starr,69,2004,-98.74,26.56
1739,Stephens,17,2004,-98.84,32.74
1740,Sterling,2,2004,-101.05,31.83
1741,Stonewall,2,2004,-100.25,33.18
1742,Sutton,4,2004,-100.54,30.5
1743,Swisher,9,2004,-101.74,34.53
1744,Tarrant,5915,2004,-97.29,32.77
1745,Taylor,210,2004,-99.89,32.3
1746,Terrell,22,2004,-102.08,30.22
1747,Terry,13,2004,-102.34,33.17
1748,Throckmorton,0,2004,-99.21,33.18
1749,Titus,37,2004,-94.97,33.22
1750,Tom Green,192,2004,-100.46,31.4
1751,Travis,3941,2004,-97.78,30.33
1752,Trinity,18,2004,-95.14,31.09
1753,Tyler,86,2004,-94.38,30.77
1754,Upshur,21,2004,-94.94,32.74
1755,Upton,1,2004,-102.04,31.37
1756,Uvalde,82,2004,-99.76,29.36
1757,Val Verde,84,2004,-101.15,29.89
1758,Van Zandt,55,2004,-95.84,32.56
1759,Victoria,169,2004,-96.97,28.8
1760,Walker,167,2004,-95.57,30.74
1761,Waller,104,2004,-95.99,30.01
1762,Ward,9,2004,-103.1,31.51
1763,Washington,69,2004,-96.4,30.21
1764,Webb,435,2004,-99.33,27.76
1765,Wharton,61,2004,-96.22,29.28
1766,Wheeler,2,2004,-100.27,35.4
1767,Wichita,260,2004,-98.7,33.99
1768,Wilbarger,23,2004,-99.24,34.08
1769,Willacy,42,2004,-97.59,26.48
1770,Williamson,700,2004,-97.6,30.65
1771,Wilson,63,2004,-98.09,29.17
1772,Winkler,12,2004,-103.05,31.85
1773,Wise,68,2004,-97.65,33.22
1774,Wood,43,2004,-95.38,32.79
1775,Yoakum,9,2004,-102.83,33.17
1776,Young,19,2004,-98.69,33.18
1777,Zapata,21,2004,-99.17,27
1778,Zavala,22,2004,-99.76,28.87
1271,Anderson,66,2005,-95.65,31.81
1272,Andrews,22,2005,-102.64,32.31
1273,Angelina,146,2005,-94.61,31.25
1274,Aransas,34,2005,-96.99,28.08
1275,Archer,15,2005,-98.69,33.62
1276,Armstrong,0,2005,-101.36,34.96
1277,Atascosa,89,2005,-98.53,28.89
1278,Austin,56,2005,-96.28,29.89
1279,Bailey,7,2005,-102.83,34.07
1280,Bandera,31,2005,-99.25,29.75
1281,Bastrop,115,2005,-97.31,30.1
1282,Baylor,6,2005,-99.21,33.62
1283,Bee,44,2005,-97.74,28.42
1284,Bell,891,2005,-97.48,31.04
1285,Bexar,6727,2005,-98.52,29.45
1286,Blanco,15,2005,-98.4,30.27
1287,Borden,3,2005,-101.43,32.74
1288,Bosque,29,2005,-97.63,31.9
1289,Bowie,37,2005,-94.42,33.45
1290,Brazoria,547,2005,-95.43,29.17
1291,Brazos,514,2005,-96.3,30.66
1292,Brewster,19,2005,-103.25,29.81
1293,Briscoe,17,2005,-101.21,34.53
1294,Brooks,16,2005,-98.22,27.03
1295,Brown,39,2005,-99,31.77
1296,Burleson,27,2005,-96.62,30.49
1297,Burnet,45,2005,-98.18,30.79
1298,Caldwell,54,2005,-97.62,29.84
1299,Calhoun,22,2005,-96.62,28.44
1300,Callahan,15,2005,-99.37,32.3
1301,Cameron,873,2005,-97.45,26.15
1302,Camp,13,2005,-94.98,32.97
1303,Carson,5,2005,-101.35,35.4
1304,Cass,7,2005,-94.34,33.08
1305,Castro,3,2005,-102.26,34.53
1306,Chambers,58,2005,-94.67,29.71
1307,Cherokee,54,2005,-95.17,31.84
1308,Childress,6,2005,-100.21,34.53
1309,Clay,7,2005,-98.21,33.79
1310,Cochran,0,2005,-102.83,33.6
1311,Coke,12,2005,-100.53,31.89
1312,Coleman,4,2005,-99.45,31.77
1313,Collin,1787,2005,-96.57,33.19
1314,Collingsworth,1,2005,-100.27,34.96
1315,Colorado,37,2005,-96.53,29.62
1316,Comal,186,2005,-98.28,29.81
1317,Comanche,13,2005,-98.56,31.95
1318,Concho,0,2005,-99.86,31.33
1319,Cooke,52,2005,-97.21,33.64
1320,Coryell,108,2005,-97.8,31.39
1321,Cottle,12,2005,-100.28,34.08
1322,Crane,8,2005,-102.52,31.43
1323,Crockett,9,2005,-101.41,30.72
1324,Crosby,18,2005,-101.3,33.61
1325,Culberson,1,2005,-104.52,31.45
1326,Dallam,9,2005,-102.6,36.28
1327,Dallas,11128,2005,-96.78,32.77
1328,Dawson,18,2005,-101.95,32.74
1329,Deaf Smith,23,2005,-102.6,34.97
1330,Delta,6,2005,-95.67,33.39
1331,Denton,1553,2005,-97.12,33.21
1332,Dewitt,27,2005,-97.36,29.08
1333,Dickens,8,2005,-100.78,33.62
1334,Dimmit,10,2005,-99.76,28.42
1335,Donley,5,2005,-100.81,34.97
1336,Duval,35,2005,-98.51,27.68
1337,Eastland,19,2005,-98.83,32.33
1338,Ector,242,2005,-102.54,31.87
1339,Edwards,3,2005,-100.3,29.98
1340,Ellis,210,2005,-106.23,31.77
1341,El Paso,2018,2005,-96.79,32.35
1342,Erath,68,2005,-98.22,32.24
1343,Falls,40,2005,-96.94,31.25
1344,Fannin,50,2005,-96.11,33.59
1345,Fayette,24,2005,-96.92,29.88
1346,Fisher,3,2005,-100.4,32.74
1347,Floyd,5,2005,-101.3,34.07
1348,Foard,3,2005,-99.78,33.97
1349,Fort Bend,1225,2005,-95.77,29.53
1350,Franklin,13,2005,-95.22,33.18
1351,Freestone,40,2005,-96.15,31.7
1352,Frio,42,2005,-99.11,28.87
1353,Gaines,11,2005,-102.64,32.74
1354,Galveston,741,2005,-94.86,29.38
1355,Garza,5,2005,-101.3,33.18
1356,Gillespie,24,2005,-98.95,30.32
1357,Glasscock,2,2005,-101.52,31.87
1358,Goliad,9,2005,-97.43,28.66
1359,Gonzales,36,2005,-97.49,29.46
1360,Gray,12,2005,-100.81,35.4
1361,Grayson,180,2005,-96.68,33.63
1362,Gregg,110,2005,-94.82,32.48
1363,Grimes,48,2005,-95.99,30.54
1364,Guadalupe,186,2005,-97.95,29.58
1365,Hale,46,2005,-101.83,34.07
1366,Hall,3,2005,-100.68,34.53
1367,Hamilton,15,2005,-98.11,31.7
1368,Hansford,1,2005,-101.35,36.28
1369,Hardeman,12,2005,-99.75,34.29
1370,Hardin,95,2005,-94.39,30.33
1371,Harris,18973,2005,-95.39,29.86
1372,Harrison,17,2005,-94.37,32.55
1373,Hartley,3,2005,-102.6,35.84
1374,Haskell,5,2005,-99.73,33.18
1375,Hays,355,2005,-98.03,30.06
1376,Hemphill,6,2005,-100.27,35.84
1377,Henderson,98,2005,-95.85,32.21
1378,Hidalgo,1629,2005,-98.18,26.4
1379,Hill,55,2005,-97.13,31.99
1380,Hockley,43,2005,-102.34,33.61
1381,Hood,44,2005,-97.83,32.43
1382,Hopkins,39,2005,-95.56,33.15
1383,Houston,16,2005,-95.42,31.32
1384,Howard,47,2005,-101.44,32.31
1385,Hudspeth,2,2005,-105.39,31.46
1386,Hunt,138,2005,-96.09,33.12
1387,Hutchinson,20,2005,-101.35,35.84
1388,Irion,1,2005,-100.98,31.3
1389,Jack,6,2005,-98.17,33.23
1390,Jackson,28,2005,-96.58,28.95
1391,Jasper,54,2005,-94.03,30.74
1392,Jeff Davis,3,2005,-104.14,30.72
1393,Jefferson,592,2005,-94.15,29.85
1394,Jim Hogg,15,2005,-98.7,27.04
1395,Jim Wells,101,2005,-98.09,27.73
1396,Johnson,244,2005,-97.37,32.38
1397,Jones,25,2005,-99.88,32.74
1398,Karnes,26,2005,-97.86,28.91
1399,Kaufman,175,2005,-96.29,32.6
1400,Kendall,43,2005,-98.71,29.94
1401,Kenedy,1,2005,-97.64,26.93
1402,Kent,0,2005,-100.78,33.18
1403,Kerr,92,2005,-99.35,30.06
1404,Kimble,4,2005,-99.75,30.49
1405,King,2,2005,-100.26,33.62
1406,Kinney,1,2005,-100.42,29.35
1407,Kleberg,98,2005,-97.67,27.43
1408,Knox,1,2005,-99.74,33.61
1409,Lamar,52,2005,-99.1,28.35
1410,Lamb,16,2005,-95.57,33.67
1411,Lampasas,23,2005,-102.35,34.07
1412,La Salle,15,2005,-98.24,31.2
1413,Lavaca,22,2005,-96.93,29.38
1414,Lee,37,2005,-96.97,30.31
1415,Leon,15,2005,-96,31.3
1416,Liberty,104,2005,-94.81,30.15
1417,Limestone,38,2005,-96.58,31.55
1418,Lipscomb,2,2005,-100.27,36.28
1419,Live Oak,17,2005,-98.12,28.35
1420,Llano,21,2005,-98.68,30.71
1421,Loving,0,2005,-103.58,31.85
1422,Lubbock,697,2005,-101.82,33.61
1423,Lynn,6,2005,-101.82,33.18
1424,Mcculloch,13,2005,-95.93,30.97
1425,Mclennan,610,2005,-94.36,32.8
1426,Mcmullen,1,2005,-101.95,32.31
1427,Madison,9,2005,-99.23,30.72
1428,Marion,5,2005,-96,28.79
1429,Martin,6,2005,-100.31,28.74
1430,Mason,1,2005,-99.35,31.2
1431,Matagorda,61,2005,-97.2,31.55
1432,Maverick,35,2005,-98.57,28.35
1433,Medina,66,2005,-99.11,29.36
1434,Menard,3,2005,-99.82,30.89
1435,Midland,269,2005,-102.03,31.87
1436,Milam,37,2005,-96.98,30.79
1437,Mills,1,2005,-98.6,31.5
1438,Mitchell,10,2005,-100.92,32.31
1439,Montague,26,2005,-97.72,33.68
1440,Montgomery,643,2005,-95.5,30.3
1441,Moore,16,2005,-101.89,35.84
1442,Morris,8,2005,-94.73,33.11
1443,Motley,1,2005,-100.78,34.07
1444,Nacogdoches,111,2005,-94.62,31.62
1445,Navarro,73,2005,-96.47,32.05
1446,Newton,8,2005,-93.74,30.79
1447,Nolan,23,2005,-100.41,32.3
1448,Nueces,1115,2005,-97.52,27.74
1449,Ochiltree,16,2005,-100.82,36.28
1450,Oldham,0,2005,-102.6,35.41
1451,Orange,136,2005,-93.89,30.12
1452,Palo Pinto,36,2005,-98.31,32.75
1453,Panola,3,2005,-94.31,32.16
1454,Parker,167,2005,-97.81,32.78
1455,Parmer,11,2005,-102.78,34.53
1456,Pecos,10,2005,-102.72,30.78
1457,Polk,47,2005,-94.83,30.79
1458,Potter,225,2005,-101.89,35.4
1459,Presidio,4,2005,-104.24,30
1460,Rains,7,2005,-95.79,32.87
1461,Randall,162,2005,-101.9,34.97
1462,Reagan,5,2005,-101.52,31.37
1463,Real,2,2005,-99.82,29.83
1464,Red River,13,2005,-95.05,33.62
1465,Reeves,16,2005,-103.69,31.32
1466,Refugio,24,2005,-97.16,28.32
1467,Roberts,0,2005,-100.81,35.84
1468,Robertson,26,2005,-96.51,31.03
1469,Rockwall,115,2005,-96.41,32.9
1470,Runnels,16,2005,-99.98,31.83
1471,Rusk,34,2005,-94.76,32.11
1472,Sabine,2,2005,-93.85,31.34
1473,San Augustine,5,2005,-94.17,31.39
1474,San Jacinto,26,2005,-95.17,30.58
1475,San Patricio,167,2005,-97.52,28.01
1476,San Saba,1,2005,-98.82,31.16
1477,Schleicher,3,2005,-100.54,30.9
1478,Scurry,18,2005,-100.92,32.75
1479,Shackelford,2,2005,-99.35,32.74
1480,Shelby,3,2005,-94.15,31.79
1481,Sherman,17,2005,-101.89,36.28
1482,Smith,356,2005,-95.27,32.38
1483,Somervell,9,2005,-97.77,32.22
1484,Starr,65,2005,-98.74,26.56
1485,Stephens,16,2005,-98.84,32.74
1486,Sterling,1,2005,-101.05,31.83
1487,Stonewall,1,2005,-100.25,33.18
1488,Sutton,4,2005,-100.54,30.5
1489,Swisher,11,2005,-101.74,34.53
1490,Tarrant,5771,2005,-97.29,32.77
1491,Taylor,177,2005,-99.89,32.3
1492,Terrell,16,2005,-102.08,30.22
1493,Terry,11,2005,-102.34,33.17
1494,Throckmorton,2,2005,-99.21,33.18
1495,Titus,49,2005,-94.97,33.22
1496,Tom Green,184,2005,-100.46,31.4
1497,Travis,3907,2005,-97.78,30.33
1498,Trinity,13,2005,-95.14,31.09
1499,Tyler,55,2005,-94.38,30.77
1500,Upshur,28,2005,-94.94,32.74
1501,Upton,9,2005,-102.04,31.37
1502,Uvalde,56,2005,-99.76,29.36
1503,Val Verde,67,2005,-101.15,29.89
1504,Van Zandt,68,2005,-95.84,32.56
1505,Victoria,149,2005,-96.97,28.8
1506,Walker,152,2005,-95.57,30.74
1507,Waller,102,2005,-95.99,30.01
1508,Ward,9,2005,-103.1,31.51
1509,Washington,54,2005,-96.4,30.21
1510,Webb,425,2005,-99.33,27.76
1511,Wharton,72,2005,-96.22,29.28
1512,Wheeler,6,2005,-100.27,35.4
1513,Wichita,243,2005,-98.7,33.99
1514,Wilbarger,24,2005,-99.24,34.08
1515,Willacy,39,2005,-97.59,26.48
1516,Williamson,714,2005,-97.6,30.65
1517,Wilson,64,2005,-98.09,29.17
1518,Winkler,7,2005,-103.05,31.85
1519,Wise,50,2005,-97.65,33.22
1520,Wood,42,2005,-95.38,32.79
1521,Yoakum,7,2005,-102.83,33.17
1522,Young,24,2005,-98.69,33.18
1523,Zapata,19,2005,-99.17,27
1524,Zavala,19,2005,-99.76,28.87
1017,Anderson,82,2006,-95.65,31.81
1018,Andrews,20,2006,-102.64,32.31
1019,Angelina,140,2006,-94.61,31.25
1020,Aransas,41,2006,-96.99,28.08
1021,Archer,9,2006,-98.69,33.62
1022,Armstrong,3,2006,-101.36,34.96
1023,Atascosa,81,2006,-98.53,28.89
1024,Austin,409,2006,-96.28,29.89
1025,Bailey,3,2006,-102.83,34.07
1026,Bandera,28,2006,-99.25,29.75
1027,Bastrop,100,2006,-97.31,30.1
1028,Baylor,9,2006,-99.21,33.62
1029,Bee,56,2006,-97.74,28.42
1030,Bell,906,2006,-97.48,31.04
1031,Bexar,7463,2006,-98.52,29.45
1032,Blanco,15,2006,-98.4,30.27
1033,Borden,1,2006,-101.43,32.74
1034,Bosque,21,2006,-97.63,31.9
1035,Bowie,34,2006,-94.42,33.45
1036,Brazoria,609,2006,-95.43,29.17
1037,Brazos,533,2006,-96.3,30.66
1038,Brewster,29,2006,-103.25,29.81
1039,Briscoe,5,2006,-101.21,34.53
1040,Brooks,19,2006,-98.22,27.03
1041,Brown,26,2006,-99,31.77
1042,Burleson,29,2006,-96.62,30.49
1043,Burnet,71,2006,-98.18,30.79
1044,Caldwell,78,2006,-97.62,29.84
1045,Calhoun,26,2006,-96.62,28.44
1046,Callahan,11,2006,-99.37,32.3
1047,Cameron,900,2006,-97.45,26.15
1048,Camp,14,2006,-94.98,32.97
1049,Carson,1,2006,-101.35,35.4
1050,Cass,3,2006,-94.34,33.08
1051,Castro,6,2006,-102.26,34.53
1052,Chambers,73,2006,-94.67,29.71
1053,Cherokee,43,2006,-95.17,31.84
1054,Childress,4,2006,-100.21,34.53
1055,Clay,9,2006,-98.21,33.79
1056,Cochran,1,2006,-102.83,33.6
1057,Coke,9,2006,-100.53,31.89
1058,Coleman,12,2006,-99.45,31.77
1059,Collin,1757,2006,-96.57,33.19
1060,Collingsworth,2,2006,-100.27,34.96
1061,Colorado,41,2006,-96.53,29.62
1062,Comal,203,2006,-98.28,29.81
1063,Comanche,13,2006,-98.56,31.95
1064,Concho,3,2006,-99.86,31.33
1065,Cooke,70,2006,-97.21,33.64
1066,Coryell,120,2006,-97.8,31.39
1067,Cottle,7,2006,-100.28,34.08
1068,Crane,4,2006,-102.52,31.43
1069,Crockett,15,2006,-101.41,30.72
1070,Crosby,24,2006,-101.3,33.61
1071,Culberson,2,2006,-104.52,31.45
1072,Dallam,9,2006,-102.6,36.28
1073,Dallas,11479,2006,-96.78,32.77
1074,Dawson,20,2006,-101.95,32.74
1075,Deaf Smith,19,2006,-102.6,34.97
1076,Delta,3,2006,-95.67,33.39
1077,Denton,1592,2006,-97.12,33.21
1078,Dewitt,37,2006,-97.36,29.08
1079,Dickens,4,2006,-100.78,33.62
1080,Dimmit,20,2006,-99.76,28.42
1081,Donley,5,2006,-100.81,34.97
1082,Duval,31,2006,-98.51,27.68
1083,Eastland,17,2006,-98.83,32.33
1084,Ector,307,2006,-102.54,31.87
1085,Edwards,2,2006,-100.3,29.98
1086,Ellis,256,2006,-106.23,31.77
1087,El Paso,2288,2006,-96.79,32.35
1088,Erath,67,2006,-98.22,32.24
1089,Falls,37,2006,-96.94,31.25
1090,Fannin,43,2006,-96.11,33.59
1091,Fayette,28,2006,-96.92,29.88
1092,Fisher,2,2006,-100.4,32.74
1093,Floyd,2,2006,-101.3,34.07
1094,Foard,3,2006,-99.78,33.97
1095,Fort Bend,1370,2006,-95.77,29.53
1096,Franklin,22,2006,-95.22,33.18
1097,Freestone,35,2006,-96.15,31.7
1098,Frio,40,2006,-99.11,28.87
1099,Gaines,10,2006,-102.64,32.74
1100,Galveston,840,2006,-94.86,29.38
1101,Garza,5,2006,-101.3,33.18
1102,Gillespie,30,2006,-98.95,30.32
1103,Glasscock,1,2006,-101.52,31.87
1104,Goliad,8,2006,-97.43,28.66
1105,Gonzales,36,2006,-97.49,29.46
1106,Gray,11,2006,-100.81,35.4
1107,Grayson,227,2006,-96.68,33.63
1108,Gregg,132,2006,-94.82,32.48
1109,Grimes,44,2006,-95.99,30.54
1110,Guadalupe,181,2006,-97.95,29.58
1111,Hale,43,2006,-101.83,34.07
1112,Hall,5,2006,-100.68,34.53
1113,Hamilton,7,2006,-98.11,31.7
1114,Hansford,3,2006,-101.35,36.28
1115,Hardeman,6,2006,-99.75,34.29
1116,Hardin,121,2006,-94.39,30.33
1117,Harris,19987,2006,-95.39,29.86
1118,Harrison,21,2006,-94.37,32.55
1119,Hartley,2,2006,-102.6,35.84
1120,Haskell,3,2006,-99.73,33.18
1121,Hays,438,2006,-98.03,30.06
1122,Hemphill,7,2006,-100.27,35.84
1123,Henderson,106,2006,-95.85,32.21
1124,Hidalgo,1655,2006,-98.18,26.4
1125,Hill,46,2006,-97.13,31.99
1126,Hockley,44,2006,-102.34,33.61
1127,Hood,68,2006,-97.83,32.43
1128,Hopkins,41,2006,-95.56,33.15
1129,Houston,177,2006,-95.42,31.32
1130,Howard,42,2006,-101.44,32.31
1131,Hudspeth,4,2006,-105.39,31.46
1132,Hunt,165,2006,-96.09,33.12
1133,Hutchinson,28,2006,-101.35,35.84
1134,Irion,2,2006,-100.98,31.3
1135,Jack,11,2006,-98.17,33.23
1136,Jackson,23,2006,-96.58,28.95
1137,Jasper,70,2006,-94.03,30.74
1138,Jeff Davis,3,2006,-104.14,30.72
1139,Jefferson,592,2006,-94.15,29.85
1140,Jim Hogg,6,2006,-98.7,27.04
1141,Jim Wells,98,2006,-98.09,27.73
1142,Johnson,272,2006,-97.37,32.38
1143,Jones,24,2006,-99.88,32.74
1144,Karnes,17,2006,-97.86,28.91
1145,Kaufman,184,2006,-96.29,32.6
1146,Kendall,56,2006,-98.71,29.94
1147,Kenedy,0,2006,-97.64,26.93
1148,Kent,0,2006,-100.78,33.18
1149,Kerr,77,2006,-99.35,30.06
1150,Kimble,7,2006,-99.75,30.49
1151,King,2,2006,-100.26,33.62
1152,Kinney,3,2006,-100.42,29.35
1153,Kleberg,109,2006,-97.67,27.43
1154,Knox,4,2006,-99.74,33.61
1155,Lamar,82,2006,-99.1,28.35
1156,Lamb,13,2006,-95.57,33.67
1157,Lampasas,35,2006,-102.35,34.07
1158,La Salle,12,2006,-98.24,31.2
1159,Lavaca,18,2006,-96.93,29.38
1160,Lee,34,2006,-96.97,30.31
1161,Leon,26,2006,-96,31.3
1162,Liberty,127,2006,-94.81,30.15
1163,Limestone,50,2006,-96.58,31.55
1164,Lipscomb,2,2006,-100.27,36.28
1165,Live Oak,14,2006,-98.12,28.35
1166,Llano,21,2006,-98.68,30.71
1167,Loving,15,2006,-103.58,31.85
1168,Lubbock,694,2006,-101.82,33.61
1169,Lynn,14,2006,-101.82,33.18
1170,Mcculloch,18,2006,-95.93,30.97
1171,Mclennan,701,2006,-94.36,32.8
1172,Mcmullen,1,2006,-101.95,32.31
1173,Madison,20,2006,-99.23,30.72
1174,Marion,2,2006,-96,28.79
1175,Martin,8,2006,-100.31,28.74
1176,Mason,2,2006,-99.35,31.2
1177,Matagorda,55,2006,-97.2,31.55
1178,Maverick,57,2006,-98.57,28.35
1179,Medina,78,2006,-99.11,29.36
1180,Menard,1,2006,-99.82,30.89
1181,Midland,271,2006,-102.03,31.87
1182,Milam,34,2006,-96.98,30.79
1183,Mills,1,2006,-98.6,31.5
1184,Mitchell,14,2006,-100.92,32.31
1185,Montague,18,2006,-97.72,33.68
1186,Montgomery,763,2006,-95.5,30.3
1187,Moore,23,2006,-101.89,35.84
1188,Morris,14,2006,-94.73,33.11
1189,Motley,3,2006,-100.78,34.07
1190,Nacogdoches,122,2006,-94.62,31.62
1191,Navarro,106,2006,-96.47,32.05
1192,Newton,11,2006,-93.74,30.79
1193,Nolan,14,2006,-100.41,32.3
1194,Nueces,1055,2006,-97.52,27.74
1195,Ochiltree,9,2006,-100.82,36.28
1196,Oldham,2,2006,-102.6,35.41
1197,Orange,149,2006,-93.89,30.12
1198,Palo Pinto,29,2006,-98.31,32.75
1199,Panola,4,2006,-94.31,32.16
1200,Parker,191,2006,-97.81,32.78
1201,Parmer,4,2006,-102.78,34.53
1202,Pecos,20,2006,-102.72,30.78
1203,Polk,38,2006,-94.83,30.79
1204,Potter,172,2006,-101.89,35.4
1205,Presidio,6,2006,-104.24,30
1206,Rains,12,2006,-95.79,32.87
1207,Randall,168,2006,-101.9,34.97
1208,Reagan,8,2006,-101.52,31.37
1209,Real,1,2006,-99.82,29.83
1210,Red River,12,2006,-95.05,33.62
1211,Reeves,15,2006,-103.69,31.32
1212,Refugio,16,2006,-97.16,28.32
1213,Roberts,0,2006,-100.81,35.84
1214,Robertson,30,2006,-96.51,31.03
1215,Rockwall,150,2006,-96.41,32.9
1216,Runnels,7,2006,-99.98,31.83
1217,Rusk,43,2006,-94.76,32.11
1218,Sabine,11,2006,-93.85,31.34
1219,San Augustine,5,2006,-94.17,31.39
1220,San Jacinto,29,2006,-95.17,30.58
1221,San Patricio,181,2006,-97.52,28.01
1222,San Saba,4,2006,-98.82,31.16
1223,Schleicher,2,2006,-100.54,30.9
1224,Scurry,22,2006,-100.92,32.75
1225,Shackelford,3,2006,-99.35,32.74
1226,Shelby,5,2006,-94.15,31.79
1227,Sherman,8,2006,-101.89,36.28
1228,Smith,408,2006,-95.27,32.38
1229,Somervell,7,2006,-97.77,32.22
1230,Starr,84,2006,-98.74,26.56
1231,Stephens,20,2006,-98.84,32.74
1232,Sterling,1,2006,-101.05,31.83
1233,Stonewall,1,2006,-100.25,33.18
1234,Sutton,4,2006,-100.54,30.5
1235,Swisher,7,2006,-101.74,34.53
1236,Tarrant,6224,2006,-97.29,32.77
1237,Taylor,227,2006,-99.89,32.3
1238,Terrell,16,2006,-102.08,30.22
1239,Terry,6,2006,-102.34,33.17
1240,Throckmorton,3,2006,-99.21,33.18
1241,Titus,35,2006,-94.97,33.22
1242,Tom Green,212,2006,-100.46,31.4
1243,Travis,3748,2006,-97.78,30.33
1244,Trinity,19,2006,-95.14,31.09
1245,Tyler,81,2006,-94.38,30.77
1246,Upshur,22,2006,-94.94,32.74
1247,Upton,12,2006,-102.04,31.37
1248,Uvalde,79,2006,-99.76,29.36
1249,Val Verde,86,2006,-101.15,29.89
1250,Van Zandt,69,2006,-95.84,32.56
1251,Victoria,162,2006,-96.97,28.8
1252,Walker,172,2006,-95.57,30.74
1253,Waller,111,2006,-95.99,30.01
1254,Ward,23,2006,-103.1,31.51
1255,Washington,69,2006,-96.4,30.21
1256,Webb,395,2006,-99.33,27.76
1257,Wharton,72,2006,-96.22,29.28
1258,Wheeler,14,2006,-100.27,35.4
1259,Wichita,239,2006,-98.7,33.99
1260,Wilbarger,29,2006,-99.24,34.08
1261,Willacy,48,2006,-97.59,26.48
1262,Williamson,860,2006,-97.6,30.65
1263,Wilson,97,2006,-98.09,29.17
1264,Winkler,9,2006,-103.05,31.85
1265,Wise,77,2006,-97.65,33.22
1266,Wood,46,2006,-95.38,32.79
1267,Yoakum,17,2006,-102.83,33.17
1268,Young,28,2006,-98.69,33.18
1269,Zapata,33,2006,-99.17,27
1270,Zavala,30,2006,-99.76,28.87
763,Anderson,83,2007,-95.65,31.81
764,Andrews,17,2007,-102.64,32.31
765,Angelina,151,2007,-94.61,31.25
766,Aransas,54,2007,-96.99,28.08
767,Archer,8,2007,-98.69,33.62
768,Armstrong,3,2007,-101.36,34.96
769,Atascosa,111,2007,-98.53,28.89
770,Austin,47,2007,-96.28,29.89
771,Bailey,10,2007,-102.83,34.07
772,Bandera,19,2007,-99.25,29.75
773,Bastrop,108,2007,-97.31,30.1
774,Baylor,11,2007,-99.21,33.62
775,Bee,52,2007,-97.74,28.42
776,Bell,832,2007,-97.48,31.04
777,Bexar,7372,2007,-98.52,29.45
778,Blanco,25,2007,-98.4,30.27
779,Borden,1,2007,-101.43,32.74
780,Bosque,29,2007,-97.63,31.9
781,Bowie,49,2007,-94.42,33.45
782,Brazoria,557,2007,-95.43,29.17
783,Brazos,495,2007,-96.3,30.66
784,Brewster,18,2007,-103.25,29.81
785,Briscoe,8,2007,-101.21,34.53
786,Brooks,18,2007,-98.22,27.03
787,Brown,29,2007,-99,31.77
788,Burleson,26,2007,-96.62,30.49
789,Burnet,57,2007,-98.18,30.79
790,Caldwell,65,2007,-97.62,29.84
791,Calhoun,33,2007,-96.62,28.44
792,Callahan,5,2007,-99.37,32.3
793,Cameron,895,2007,-97.45,26.15
794,Camp,17,2007,-94.98,32.97
795,Carson,1,2007,-101.35,35.4
796,Cass,10,2007,-94.34,33.08
797,Castro,6,2007,-102.26,34.53
798,Chambers,98,2007,-94.67,29.71
799,Cherokee,46,2007,-95.17,31.84
800,Childress,3,2007,-100.21,34.53
801,Clay,11,2007,-98.21,33.79
802,Cochran,0,2007,-102.83,33.6
803,Coke,8,2007,-100.53,31.89
804,Coleman,5,2007,-99.45,31.77
805,Collin,1914,2007,-96.57,33.19
806,Collingsworth,3,2007,-100.27,34.96
807,Colorado,36,2007,-96.53,29.62
808,Comal,185,2007,-98.28,29.81
809,Comanche,20,2007,-98.56,31.95
810,Concho,3,2007,-99.86,31.33
811,Cooke,62,2007,-97.21,33.64
812,Coryell,127,2007,-97.8,31.39
813,Cottle,11,2007,-100.28,34.08
814,Crane,8,2007,-102.52,31.43
815,Crockett,14,2007,-101.41,30.72
816,Crosby,13,2007,-101.3,33.61
817,Culberson,2,2007,-104.52,31.45
818,Dallam,5,2007,-102.6,36.28
819,Dallas,11152,2007,-96.78,32.77
820,Dawson,16,2007,-101.95,32.74
821,Deaf Smith,20,2007,-102.6,34.97
822,Delta,10,2007,-95.67,33.39
823,Denton,1654,2007,-97.12,33.21
824,Dewitt,15,2007,-97.36,29.08
825,Dickens,3,2007,-100.78,33.62
826,Dimmit,20,2007,-99.76,28.42
827,Donley,10,2007,-100.81,34.97
828,Duval,39,2007,-98.51,27.68
829,Eastland,18,2007,-98.83,32.33
830,Ector,323,2007,-102.54,31.87
831,Edwards,1,2007,-100.3,29.98
832,Ellis,294,2007,-106.23,31.77
833,El Paso,2251,2007,-96.79,32.35
834,Erath,76,2007,-98.22,32.24
835,Falls,37,2007,-96.94,31.25
836,Fannin,36,2007,-96.11,33.59
837,Fayette,23,2007,-96.92,29.88
838,Fisher,1,2007,-100.4,32.74
839,Floyd,0,2007,-101.3,34.07
840,Foard,1,2007,-99.78,33.97
841,Fort Bend,1250,2007,-95.77,29.53
842,Franklin,15,2007,-95.22,33.18
843,Freestone,28,2007,-96.15,31.7
844,Frio,36,2007,-99.11,28.87
845,Gaines,11,2007,-102.64,32.74
846,Galveston,741,2007,-94.86,29.38
847,Garza,2,2007,-101.3,33.18
848,Gillespie,31,2007,-98.95,30.32
849,Glasscock,0,2007,-101.52,31.87
850,Goliad,9,2007,-97.43,28.66
851,Gonzales,23,2007,-97.49,29.46
852,Gray,22,2007,-100.81,35.4
853,Grayson,184,2007,-96.68,33.63
854,Gregg,134,2007,-94.82,32.48
855,Grimes,55,2007,-95.99,30.54
856,Guadalupe,193,2007,-97.95,29.58
857,Hale,39,2007,-101.83,34.07
858,Hall,5,2007,-100.68,34.53
859,Hamilton,13,2007,-98.11,31.7
860,Hansford,3,2007,-101.35,36.28
861,Hardeman,7,2007,-99.75,34.29
862,Hardin,114,2007,-94.39,30.33
863,Harris,19018,2007,-95.39,29.86
864,Harrison,30,2007,-94.37,32.55
865,Hartley,2,2007,-102.6,35.84
866,Haskell,14,2007,-99.73,33.18
867,Hays,418,2007,-98.03,30.06
868,Hemphill,4,2007,-100.27,35.84
869,Henderson,98,2007,-95.85,32.21
870,Hidalgo,1662,2007,-98.18,26.4
871,Hill,60,2007,-97.13,31.99
872,Hockley,18,2007,-102.34,33.61
873,Hood,68,2007,-97.83,32.43
874,Hopkins,56,2007,-95.56,33.15
875,Houston,13,2007,-95.42,31.32
876,Howard,50,2007,-101.44,32.31
877,Hudspeth,2,2007,-105.39,31.46
878,Hunt,157,2007,-96.09,33.12
879,Hutchinson,27,2007,-101.35,35.84
880,Irion,5,2007,-100.98,31.3
881,Jack,4,2007,-98.17,33.23
882,Jackson,24,2007,-96.58,28.95
883,Jasper,50,2007,-94.03,30.74
884,Jeff Davis,3,2007,-104.14,30.72
885,Jefferson,646,2007,-94.15,29.85
886,Jim Hogg,11,2007,-98.7,27.04
887,Jim Wells,112,2007,-98.09,27.73
888,Johnson,289,2007,-97.37,32.38
889,Jones,19,2007,-99.88,32.74
890,Karnes,17,2007,-97.86,28.91
891,Kaufman,176,2007,-96.29,32.6
892,Kendall,43,2007,-98.71,29.94
893,Kenedy,2,2007,-97.64,26.93
894,Kent,0,2007,-100.78,33.18
895,Kerr,77,2007,-99.35,30.06
896,Kimble,3,2007,-99.75,30.49
897,King,2,2007,-100.26,33.62
898,Kinney,4,2007,-100.42,29.35
899,Kleberg,98,2007,-97.67,27.43
900,Knox,3,2007,-99.74,33.61
901,Lamar,60,2007,-99.1,28.35
902,Lamb,15,2007,-95.57,33.67
903,Lampasas,16,2007,-102.35,34.07
904,La Salle,17,2007,-98.24,31.2
905,Lavaca,22,2007,-96.93,29.38
906,Lee,27,2007,-96.97,30.31
907,Leon,18,2007,-96,31.3
908,Liberty,136,2007,-94.81,30.15
909,Limestone,51,2007,-96.58,31.55
910,Lipscomb,3,2007,-100.27,36.28
911,Live Oak,16,2007,-98.12,28.35
912,Llano,16,2007,-98.68,30.71
913,Loving,1,2007,-103.58,31.85
914,Lubbock,624,2007,-101.82,33.61
915,Lynn,8,2007,-101.82,33.18
916,Mcculloch,9,2007,-95.93,30.97
917,Mclennan,657,2007,-94.36,32.8
918,Mcmullen,1,2007,-101.95,32.31
919,Madison,6,2007,-99.23,30.72
920,Marion,7,2007,-96,28.79
921,Martin,6,2007,-100.31,28.74
922,Mason,2,2007,-99.35,31.2
923,Matagorda,46,2007,-97.2,31.55
924,Maverick,49,2007,-98.57,28.35
925,Medina,78,2007,-99.11,29.36
926,Menard,2,2007,-99.82,30.89
927,Midland,283,2007,-102.03,31.87
928,Milam,33,2007,-96.98,30.79
929,Mills,1,2007,-98.6,31.5
930,Mitchell,5,2007,-100.92,32.31
931,Montague,22,2007,-97.72,33.68
932,Montgomery,680,2007,-95.5,30.3
933,Moore,17,2007,-101.89,35.84
934,Morris,16,2007,-94.73,33.11
935,Motley,3,2007,-100.78,34.07
936,Nacogdoches,134,2007,-94.62,31.62
937,Navarro,83,2007,-96.47,32.05
938,Newton,27,2007,-93.74,30.79
939,Nolan,24,2007,-100.41,32.3
940,Nueces,1253,2007,-97.52,27.74
941,Ochiltree,3,2007,-100.82,36.28
942,Oldham,2,2007,-102.6,35.41
943,Orange,136,2007,-93.89,30.12
944,Palo Pinto,43,2007,-98.31,32.75
945,Panola,9,2007,-94.31,32.16
946,Parker,201,2007,-97.81,32.78
947,Parmer,8,2007,-102.78,34.53
948,Pecos,19,2007,-102.72,30.78
949,Polk,50,2007,-94.83,30.79
950,Potter,209,2007,-101.89,35.4
951,Presidio,6,2007,-104.24,30
952,Rains,15,2007,-95.79,32.87
953,Randall,152,2007,-101.9,34.97
954,Reagan,5,2007,-101.52,31.37
955,Real,3,2007,-99.82,29.83
956,Red River,16,2007,-95.05,33.62
957,Reeves,23,2007,-103.69,31.32
958,Refugio,14,2007,-97.16,28.32
959,Roberts,0,2007,-100.81,35.84
960,Robertson,21,2007,-96.51,31.03
961,Rockwall,143,2007,-96.41,32.9
962,Runnels,12,2007,-99.98,31.83
963,Rusk,33,2007,-94.76,32.11
964,Sabine,8,2007,-93.85,31.34
965,San Augustine,7,2007,-94.17,31.39
966,San Jacinto,25,2007,-95.17,30.58
967,San Patricio,171,2007,-97.52,28.01
968,San Saba,4,2007,-98.82,31.16
969,Schleicher,4,2007,-100.54,30.9
970,Scurry,23,2007,-100.92,32.75
971,Shackelford,6,2007,-99.35,32.74
972,Shelby,4,2007,-94.15,31.79
973,Sherman,12,2007,-101.89,36.28
974,Smith,377,2007,-95.27,32.38
975,Somervell,11,2007,-97.77,32.22
976,Starr,101,2007,-98.74,26.56
977,Stephens,19,2007,-98.84,32.74
978,Sterling,1,2007,-101.05,31.83
979,Stonewall,3,2007,-100.25,33.18
980,Sutton,10,2007,-100.54,30.5
981,Swisher,7,2007,-101.74,34.53
982,Tarrant,6257,2007,-97.29,32.77
983,Taylor,202,2007,-99.89,32.3
984,Terrell,12,2007,-102.08,30.22
985,Terry,10,2007,-102.34,33.17
986,Throckmorton,3,2007,-99.21,33.18
987,Titus,84,2007,-94.97,33.22
988,Tom Green,216,2007,-100.46,31.4
989,Travis,3770,2007,-97.78,30.33
990,Trinity,17,2007,-95.14,31.09
991,Tyler,68,2007,-94.38,30.77
992,Upshur,22,2007,-94.94,32.74
993,Upton,4,2007,-102.04,31.37
994,Uvalde,55,2007,-99.76,29.36
995,Val Verde,70,2007,-101.15,29.89
996,Van Zandt,61,2007,-95.84,32.56
997,Victoria,169,2007,-96.97,28.8
998,Walker,151,2007,-95.57,30.74
999,Waller,78,2007,-95.99,30.01
1000,Ward,17,2007,-103.1,31.51
1001,Washington,68,2007,-96.4,30.21
1002,Webb,356,2007,-99.33,27.76
1003,Wharton,56,2007,-96.22,29.28
1004,Wheeler,4,2007,-100.27,35.4
1005,Wichita,236,2007,-98.7,33.99
1006,Wilbarger,25,2007,-99.24,34.08
1007,Willacy,51,2007,-97.59,26.48
1008,Williamson,834,2007,-97.6,30.65
1009,Wilson,100,2007,-98.09,29.17
1010,Winkler,16,2007,-103.05,31.85
1011,Wise,87,2007,-97.65,33.22
1012,Wood,41,2007,-95.38,32.79
1013,Yoakum,5,2007,-102.83,33.17
1014,Young,22,2007,-98.69,33.18
1015,Zapata,25,2007,-99.17,27
1016,Zavala,21,2007,-99.76,28.87
509,Anderson,83,2008,-95.65,31.81
510,Andrews,21,2008,-102.64,32.31
511,Angelina,139,2008,-94.61,31.25
512,Aransas,48,2008,-96.99,28.08
513,Archer,7,2008,-98.69,33.62
514,Armstrong,5,2008,-101.36,34.96
515,Atascosa,83,2008,-98.53,28.89
516,Austin,55,2008,-96.28,29.89
517,Bailey,6,2008,-102.83,34.07
518,Bandera,27,2008,-99.25,29.75
519,Bastrop,126,2008,-97.31,30.1
520,Baylor,5,2008,-99.21,33.62
521,Bee,56,2008,-97.74,28.42
522,Bell,968,2008,-97.48,31.04
523,Bexar,7313,2008,-98.52,29.45
524,Blanco,16,2008,-98.4,30.27
525,Borden,2,2008,-101.43,32.74
526,Bosque,29,2008,-97.63,31.9
527,Bowie,39,2008,-94.42,33.45
528,Brazoria,543,2008,-95.43,29.17
529,Brazos,618,2008,-96.3,30.66
530,Brewster,34,2008,-103.25,29.81
531,Briscoe,24,2008,-101.21,34.53
532,Brooks,25,2008,-98.22,27.03
533,Brown,58,2008,-99,31.77
534,Burleson,21,2008,-96.62,30.49
535,Burnet,78,2008,-98.18,30.79
536,Caldwell,67,2008,-97.62,29.84
537,Calhoun,32,2008,-96.62,28.44
538,Callahan,6,2008,-99.37,32.3
539,Cameron,938,2008,-97.45,26.15
540,Camp,15,2008,-94.98,32.97
541,Carson,4,2008,-101.35,35.4
542,Cass,10,2008,-94.34,33.08
543,Castro,4,2008,-102.26,34.53
544,Chambers,143,2008,-94.67,29.71
545,Cherokee,51,2008,-95.17,31.84
546,Childress,9,2008,-100.21,34.53
547,Clay,12,2008,-98.21,33.79
548,Cochran,2,2008,-102.83,33.6
549,Coke,5,2008,-100.53,31.89
550,Coleman,5,2008,-99.45,31.77
551,Collin,1879,2008,-96.57,33.19
552,Collingsworth,0,2008,-100.27,34.96
553,Colorado,27,2008,-96.53,29.62
554,Comal,170,2008,-98.28,29.81
555,Comanche,25,2008,-98.56,31.95
556,Concho,3,2008,-99.86,31.33
557,Cooke,44,2008,-97.21,33.64
558,Coryell,119,2008,-97.8,31.39
559,Cottle,5,2008,-100.28,34.08
560,Crane,2,2008,-102.52,31.43
561,Crockett,12,2008,-101.41,30.72
562,Crosby,29,2008,-101.3,33.61
563,Culberson,0,2008,-104.52,31.45
564,Dallam,12,2008,-102.6,36.28
565,Dallas,11424,2008,-96.78,32.77
566,Dawson,23,2008,-101.95,32.74
567,Deaf Smith,14,2008,-102.6,34.97
568,Delta,17,2008,-95.67,33.39
569,Denton,1653,2008,-97.12,33.21
570,Dewitt,24,2008,-97.36,29.08
571,Dickens,3,2008,-100.78,33.62
572,Dimmit,19,2008,-99.76,28.42
573,Donley,7,2008,-100.81,34.97
574,Duval,36,2008,-98.51,27.68
575,Eastland,16,2008,-98.83,32.33
576,Ector,327,2008,-102.54,31.87
577,Edwards,5,2008,-100.3,29.98
578,Ellis,294,2008,-106.23,31.77
579,El Paso,2253,2008,-96.79,32.35
580,Erath,87,2008,-98.22,32.24
581,Falls,36,2008,-96.94,31.25
582,Fannin,40,2008,-96.11,33.59
583,Fayette,24,2008,-96.92,29.88
584,Fisher,4,2008,-100.4,32.74
585,Floyd,3,2008,-101.3,34.07
586,Foard,1,2008,-99.78,33.97
587,Fort Bend,1326,2008,-95.77,29.53
588,Franklin,17,2008,-95.22,33.18
589,Freestone,37,2008,-96.15,31.7
590,Frio,35,2008,-99.11,28.87
591,Gaines,4,2008,-102.64,32.74
592,Galveston,751,2008,-94.86,29.38
593,Garza,7,2008,-101.3,33.18
594,Gillespie,28,2008,-98.95,30.32
595,Glasscock,2,2008,-101.52,31.87
596,Goliad,6,2008,-97.43,28.66
597,Gonzales,37,2008,-97.49,29.46
598,Gray,20,2008,-100.81,35.4
599,Grayson,237,2008,-96.68,33.63
600,Gregg,104,2008,-94.82,32.48
601,Grimes,40,2008,-95.99,30.54
602,Guadalupe,189,2008,-97.95,29.58
603,Hale,48,2008,-101.83,34.07
604,Hall,2,2008,-100.68,34.53
605,Hamilton,16,2008,-98.11,31.7
606,Hansford,2,2008,-101.35,36.28
607,Hardeman,4,2008,-99.75,34.29
608,Hardin,104,2008,-94.39,30.33
609,Harris,18912,2008,-95.39,29.86
610,Harrison,14,2008,-94.37,32.55
611,Hartley,4,2008,-102.6,35.84
612,Haskell,13,2008,-99.73,33.18
613,Hays,384,2008,-98.03,30.06
614,Hemphill,4,2008,-100.27,35.84
615,Henderson,116,2008,-95.85,32.21
616,Hidalgo,1838,2008,-98.18,26.4
617,Hill,53,2008,-97.13,31.99
618,Hockley,28,2008,-102.34,33.61
619,Hood,62,2008,-97.83,32.43
620,Hopkins,46,2008,-95.56,33.15
621,Houston,20,2008,-95.42,31.32
622,Howard,42,2008,-101.44,32.31
623,Hudspeth,3,2008,-105.39,31.46
624,Hunt,142,2008,-96.09,33.12
625,Hutchinson,21,2008,-101.35,35.84
626,Irion,0,2008,-100.98,31.3
627,Jack,9,2008,-98.17,33.23
628,Jackson,12,2008,-96.58,28.95
629,Jasper,70,2008,-94.03,30.74
630,Jeff Davis,5,2008,-104.14,30.72
631,Jefferson,736,2008,-94.15,29.85
632,Jim Hogg,14,2008,-98.7,27.04
633,Jim Wells,134,2008,-98.09,27.73
634,Johnson,286,2008,-97.37,32.38
635,Jones,14,2008,-99.88,32.74
636,Karnes,14,2008,-97.86,28.91
637,Kaufman,172,2008,-96.29,32.6
638,Kendall,42,2008,-98.71,29.94
639,Kenedy,1,2008,-97.64,26.93
640,Kent,0,2008,-100.78,33.18
641,Kerr,109,2008,-99.35,30.06
642,Kimble,5,2008,-99.75,30.49
643,King,0,2008,-100.26,33.62
644,Kinney,2,2008,-100.42,29.35
645,Kleberg,123,2008,-97.67,27.43
646,Knox,9,2008,-99.74,33.61
647,Lamar,37,2008,-99.1,28.35
648,Lamb,11,2008,-95.57,33.67
649,Lampasas,22,2008,-102.35,34.07
650,La Salle,22,2008,-98.24,31.2
651,Lavaca,18,2008,-96.93,29.38
652,Lee,22,2008,-96.97,30.31
653,Leon,16,2008,-96,31.3
654,Liberty,122,2008,-94.81,30.15
655,Limestone,62,2008,-96.58,31.55
656,Lipscomb,1,2008,-100.27,36.28
657,Live Oak,17,2008,-98.12,28.35
658,Llano,9,2008,-98.68,30.71
659,Loving,3,2008,-103.58,31.85
660,Lubbock,638,2008,-101.82,33.61
661,Lynn,7,2008,-101.82,33.18
662,Mcculloch,21,2008,-95.93,30.97
663,Mclennan,637,2008,-94.36,32.8
664,Mcmullen,1,2008,-101.95,32.31
665,Madison,2,2008,-99.23,30.72
666,Marion,4,2008,-96,28.79
667,Martin,8,2008,-100.31,28.74
668,Mason,3,2008,-99.35,31.2
669,Matagorda,43,2008,-97.2,31.55
670,Maverick,66,2008,-98.57,28.35
671,Medina,84,2008,-99.11,29.36
672,Menard,3,2008,-99.82,30.89
673,Midland,310,2008,-102.03,31.87
674,Milam,61,2008,-96.98,30.79
675,Mills,1,2008,-98.6,31.5
676,Mitchell,11,2008,-100.92,32.31
677,Montague,20,2008,-97.72,33.68
678,Montgomery,661,2008,-95.5,30.3
679,Moore,18,2008,-101.89,35.84
680,Morris,13,2008,-94.73,33.11
681,Motley,0,2008,-100.78,34.07
682,Nacogdoches,96,2008,-94.62,31.62
683,Navarro,95,2008,-96.47,32.05
684,Newton,9,2008,-93.74,30.79
685,Nolan,10,2008,-100.41,32.3
686,Nueces,1212,2008,-97.52,27.74
687,Ochiltree,11,2008,-100.82,36.28
688,Oldham,0,2008,-102.6,35.41
689,Orange,130,2008,-93.89,30.12
690,Palo Pinto,37,2008,-98.31,32.75
691,Panola,3,2008,-94.31,32.16
692,Parker,173,2008,-97.81,32.78
693,Parmer,7,2008,-102.78,34.53
694,Pecos,25,2008,-102.72,30.78
695,Polk,41,2008,-94.83,30.79
696,Potter,175,2008,-101.89,35.4
697,Presidio,6,2008,-104.24,30
698,Rains,12,2008,-95.79,32.87
699,Randall,158,2008,-101.9,34.97
700,Reagan,3,2008,-101.52,31.37
701,Real,5,2008,-99.82,29.83
702,Red River,11,2008,-95.05,33.62
703,Reeves,15,2008,-103.69,31.32
704,Refugio,11,2008,-97.16,28.32
705,Roberts,1,2008,-100.81,35.84
706,Robertson,35,2008,-96.51,31.03
707,Rockwall,139,2008,-96.41,32.9
708,Runnels,8,2008,-99.98,31.83
709,Rusk,33,2008,-94.76,32.11
710,Sabine,13,2008,-93.85,31.34
711,San Augustine,6,2008,-94.17,31.39
712,San Jacinto,27,2008,-95.17,30.58
713,San Patricio,118,2008,-97.52,28.01
714,San Saba,2,2008,-98.82,31.16
715,Schleicher,4,2008,-100.54,30.9
716,Scurry,20,2008,-100.92,32.75
717,Shackelford,4,2008,-99.35,32.74
718,Shelby,5,2008,-94.15,31.79
719,Sherman,13,2008,-101.89,36.28
720,Smith,424,2008,-95.27,32.38
721,Somervell,11,2008,-97.77,32.22
722,Starr,79,2008,-98.74,26.56
723,Stephens,16,2008,-98.84,32.74
724,Sterling,0,2008,-101.05,31.83
725,Stonewall,3,2008,-100.25,33.18
726,Sutton,12,2008,-100.54,30.5
727,Swisher,9,2008,-101.74,34.53
728,Tarrant,6090,2008,-97.29,32.77
729,Taylor,247,2008,-99.89,32.3
730,Terrell,8,2008,-102.08,30.22
731,Terry,8,2008,-102.34,33.17
732,Throckmorton,2,2008,-99.21,33.18
733,Titus,50,2008,-94.97,33.22
734,Tom Green,258,2008,-100.46,31.4
735,Travis,3694,2008,-97.78,30.33
736,Trinity,10,2008,-95.14,31.09
737,Tyler,48,2008,-94.38,30.77
738,Upshur,31,2008,-94.94,32.74
739,Upton,4,2008,-102.04,31.37
740,Uvalde,47,2008,-99.76,29.36
741,Val Verde,74,2008,-101.15,29.89
742,Van Zandt,66,2008,-95.84,32.56
743,Victoria,141,2008,-96.97,28.8
744,Walker,136,2008,-95.57,30.74
745,Waller,90,2008,-95.99,30.01
746,Ward,18,2008,-103.1,31.51
747,Washington,61,2008,-96.4,30.21
748,Webb,357,2008,-99.33,27.76
749,Wharton,52,2008,-96.22,29.28
750,Wheeler,2,2008,-100.27,35.4
751,Wichita,224,2008,-98.7,33.99
752,Wilbarger,18,2008,-99.24,34.08
753,Willacy,49,2008,-97.59,26.48
754,Williamson,805,2008,-97.6,30.65
755,Wilson,100,2008,-98.09,29.17
756,Winkler,10,2008,-103.05,31.85
757,Wise,87,2008,-97.65,33.22
758,Wood,40,2008,-95.38,32.79
759,Yoakum,10,2008,-102.83,33.17
760,Young,20,2008,-98.69,33.18
761,Zapata,32,2008,-99.17,27
762,Zavala,26,2008,-99.76,28.87
1,Anderson,55,2009,-95.65,31.81
2,Andrews,18,2009,-102.64,32.31
3,Angelina,146,2009,-94.61,31.25
4,Aransas,62,2009,-96.99,28.08
5,Archer,8,2009,-98.69,33.62
6,Armstrong,0,2009,-101.36,34.96
7,Atascosa,98,2009,-98.53,28.89
8,Austin,60,2009,-96.28,29.89
9,Bailey,7,2009,-102.83,34.07
10,Bandera,35,2009,-99.25,29.75
11,Bastrop,126,2009,-97.31,30.1
12,Baylor,4,2009,-99.21,33.62
13,Bee,58,2009,-97.74,28.42
14,Bell,1048,2009,-97.48,31.04
15,Bexar,6798,2009,-98.52,29.45
16,Blanco,18,2009,-98.4,30.27
17,Borden,1,2009,-101.43,32.74
18,Bosque,21,2009,-97.63,31.9
19,Bowie,41,2009,-94.42,33.45
20,Brazoria,595,2009,-95.43,29.17
21,Brazos,566,2009,-96.3,30.66
22,Brewster,30,2009,-103.25,29.81
23,Briscoe,22,2009,-101.21,34.53
24,Brooks,19,2009,-98.22,27.03
25,Brown,36,2009,-99,31.77
26,Burleson,27,2009,-96.62,30.49
27,Burnet,62,2009,-98.18,30.79
28,Caldwell,64,2009,-97.62,29.84
29,Calhoun,24,2009,-96.62,28.44
30,Callahan,11,2009,-99.37,32.3
31,Cameron,867,2009,-97.45,26.15
32,Camp,11,2009,-94.98,32.97
33,Carson,0,2009,-101.35,35.4
34,Cass,4,2009,-94.34,33.08
35,Castro,7,2009,-102.26,34.53
36,Chambers,111,2009,-94.67,29.71
37,Cherokee,44,2009,-95.17,31.84
38,Childress,7,2009,-100.21,34.53
39,Clay,9,2009,-98.21,33.79
40,Cochran,0,2009,-102.83,33.6
41,Coke,4,2009,-100.53,31.89
42,Coleman,4,2009,-99.45,31.77
43,Collin,1690,2009,-96.57,33.19
44,Collingsworth,2,2009,-100.27,34.96
45,Colorado,34,2009,-96.53,29.62
46,Comal,205,2009,-98.28,29.81
47,Comanche,20,2009,-98.56,31.95
48,Concho,3,2009,-99.86,31.33
49,Cooke,46,2009,-97.21,33.64
50,Coryell,114,2009,-97.8,31.39
51,Cottle,5,2009,-100.28,34.08
52,Crane,17,2009,-102.52,31.43
53,Crockett,11,2009,-101.41,30.72
54,Crosby,16,2009,-101.3,33.61
55,Culberson,2,2009,-104.52,31.45
56,Dallam,16,2009,-102.6,36.28
57,Dallas,11077,2009,-96.78,32.77
58,Dawson,15,2009,-101.95,32.74
59,Deaf Smith,19,2009,-102.6,34.97
60,Delta,5,2009,-95.67,33.39
61,Denton,1490,2009,-97.12,33.21
62,Dewitt,20,2009,-97.36,29.08
63,Dickens,3,2009,-100.78,33.62
64,Dimmit,23,2009,-99.76,28.42
65,Donley,6,2009,-100.81,34.97
66,Duval,33,2009,-98.51,27.68
67,Eastland,22,2009,-98.83,32.33
68,Ector,344,2009,-102.54,31.87
69,Edwards,4,2009,-100.3,29.98
70,Ellis,285,2009,-106.23,31.77
71,El Paso,2265,2009,-96.79,32.35
72,Erath,81,2009,-98.22,32.24
73,Falls,30,2009,-96.94,31.25
74,Fannin,46,2009,-96.11,33.59
75,Fayette,40,2009,-96.92,29.88
76,Fisher,4,2009,-100.4,32.74
77,Floyd,1,2009,-101.3,34.07
78,Foard,1,2009,-99.78,33.97
79,Fort Bend,1304,2009,-95.77,29.53
80,Franklin,13,2009,-95.22,33.18
81,Freestone,26,2009,-96.15,31.7
82,Frio,32,2009,-99.11,28.87
83,Gaines,5,2009,-102.64,32.74
84,Galveston,724,2009,-94.86,29.38
85,Garza,2,2009,-101.3,33.18
86,Gillespie,37,2009,-98.95,30.32
87,Glasscock,0,2009,-101.52,31.87
88,Goliad,4,2009,-97.43,28.66
89,Gonzales,41,2009,-97.49,29.46
90,Gray,13,2009,-100.81,35.4
91,Grayson,223,2009,-96.68,33.63
92,Gregg,108,2009,-94.82,32.48
93,Grimes,34,2009,-95.99,30.54
94,Guadalupe,214,2009,-97.95,29.58
95,Hale,38,2009,-101.83,34.07
96,Hall,3,2009,-100.68,34.53
97,Hamilton,8,2009,-98.11,31.7
98,Hansford,1,2009,-101.35,36.28
99,Hardeman,9,2009,-99.75,34.29
100,Hardin,97,2009,-94.39,30.33
101,Harris,18447,2009,-95.39,29.86
102,Harrison,11,2009,-94.37,32.55
103,Hartley,1,2009,-102.6,35.84
104,Haskell,3,2009,-99.73,33.18
105,Hays,399,2009,-98.03,30.06
106,Hemphill,2,2009,-100.27,35.84
107,Henderson,84,2009,-95.85,32.21
108,Hidalgo,1691,2009,-98.18,26.4
109,Hill,53,2009,-97.13,31.99
110,Hockley,25,2009,-102.34,33.61
111,Hood,58,2009,-97.83,32.43
112,Hopkins,44,2009,-95.56,33.15
113,Houston,5,2009,-95.42,31.32
114,Howard,45,2009,-101.44,32.31
115,Hudspeth,2,2009,-105.39,31.46
116,Hunt,111,2009,-96.09,33.12
117,Hutchinson,18,2009,-101.35,35.84
118,Irion,2,2009,-100.98,31.3
119,Jack,6,2009,-98.17,33.23
120,Jackson,13,2009,-96.58,28.95
121,Jasper,53,2009,-94.03,30.74
122,Jeff Davis,1,2009,-104.14,30.72
123,Jefferson,739,2009,-94.15,29.85
124,Jim Hogg,11,2009,-98.7,27.04
125,Jim Wells,108,2009,-98.09,27.73
126,Johnson,275,2009,-97.37,32.38
127,Jones,10,2009,-99.88,32.74
128,Karnes,29,2009,-97.86,28.91
129,Kaufman,192,2009,-96.29,32.6
130,Kendall,57,2009,-98.71,29.94
131,Kenedy,0,2009,-97.64,26.93
132,Kent,0,2009,-100.78,33.18
133,Kerr,97,2009,-99.35,30.06
134,Kimble,4,2009,-99.75,30.49
135,King,2,2009,-100.26,33.62
136,Kinney,3,2009,-100.42,29.35
137,Kleberg,109,2009,-97.67,27.43
138,Knox,2,2009,-99.74,33.61
139,Lamar,43,2009,-99.1,28.35
140,Lamb,6,2009,-95.57,33.67
141,Lampasas,25,2009,-102.35,34.07
142,La Salle,17,2009,-98.24,31.2
143,Lavaca,19,2009,-96.93,29.38
144,Lee,32,2009,-96.97,30.31
145,Leon,18,2009,-96,31.3
146,Liberty,127,2009,-94.81,30.15
147,Limestone,59,2009,-96.58,31.55
148,Lipscomb,3,2009,-100.27,36.28
149,Live Oak,16,2009,-98.12,28.35
150,Llano,23,2009,-98.68,30.71
151,Loving,0,2009,-103.58,31.85
152,Lubbock,627,2009,-101.82,33.61
153,Lynn,6,2009,-101.82,33.18
154,Mcculloch,15,2009,-95.93,30.97
155,Mclennan,607,2009,-94.36,32.8
156,Mcmullen,1,2009,-101.95,32.31
157,Madison,7,2009,-99.23,30.72
158,Marion,4,2009,-96,28.79
159,Martin,4,2009,-100.31,28.74
160,Mason,2,2009,-99.35,31.2
161,Matagorda,35,2009,-97.2,31.55
162,Maverick,51,2009,-98.57,28.35
163,Medina,86,2009,-99.11,29.36
164,Menard,6,2009,-99.82,30.89
165,Midland,312,2009,-102.03,31.87
166,Milam,29,2009,-96.98,30.79
167,Mills,6,2009,-98.6,31.5
168,Mitchell,9,2009,-100.92,32.31
169,Montague,21,2009,-97.72,33.68
170,Montgomery,565,2009,-95.5,30.3
171,Moore,24,2009,-101.89,35.84
172,Morris,12,2009,-94.73,33.11
173,Motley,3,2009,-100.78,34.07
174,Nacogdoches,110,2009,-94.62,31.62
175,Navarro,84,2009,-96.47,32.05
176,Newton,18,2009,-93.74,30.79
177,Nolan,14,2009,-100.41,32.3
178,Nueces,1161,2009,-97.52,27.74
179,Ochiltree,5,2009,-100.82,36.28
180,Oldham,1,2009,-102.6,35.41
181,Orange,136,2009,-93.89,30.12
182,Palo Pinto,36,2009,-98.31,32.75
183,Panola,3,2009,-94.31,32.16
184,Parker,190,2009,-97.81,32.78
185,Parmer,4,2009,-102.78,34.53
186,Pecos,27,2009,-102.72,30.78
187,Polk,56,2009,-94.83,30.79
188,Potter,197,2009,-101.89,35.4
189,Presidio,6,2009,-104.24,30
190,Rains,13,2009,-95.79,32.87
191,Randall,151,2009,-101.9,34.97
192,Reagan,6,2009,-101.52,31.37
193,Real,8,2009,-99.82,29.83
194,Red River,8,2009,-95.05,33.62
195,Reeves,20,2009,-103.69,31.32
196,Refugio,12,2009,-97.16,28.32
197,Roberts,1,2009,-100.81,35.84
198,Robertson,20,2009,-96.51,31.03
199,Rockwall,139,2009,-96.41,32.9
200,Runnels,11,2009,-99.98,31.83
201,Rusk,26,2009,-94.76,32.11
202,Sabine,6,2009,-93.85,31.34
203,San Augustine,9,2009,-94.17,31.39
204,San Jacinto,26,2009,-95.17,30.58
205,San Patricio,119,2009,-97.52,28.01
206,San Saba,3,2009,-98.82,31.16
207,Schleicher,0,2009,-100.54,30.9
208,Scurry,18,2009,-100.92,32.75
209,Shackelford,2,2009,-99.35,32.74
210,Shelby,15,2009,-94.15,31.79
211,Sherman,15,2009,-101.89,36.28
212,Smith,418,2009,-95.27,32.38
213,Somervell,7,2009,-97.77,32.22
214,Starr,98,2009,-98.74,26.56
215,Stephens,13,2009,-98.84,32.74
216,Sterling,0,2009,-101.05,31.83
217,Stonewall,2,2009,-100.25,33.18
218,Sutton,9,2009,-100.54,30.5
219,Swisher,6,2009,-101.74,34.53
220,Tarrant,5678,2009,-97.29,32.77
221,Taylor,214,2009,-99.89,32.3
222,Terrell,11,2009,-102.08,30.22
223,Terry,16,2009,-102.34,33.17
224,Throckmorton,2,2009,-99.21,33.18
225,Titus,52,2009,-94.97,33.22
226,Tom Green,224,2009,-100.46,31.4
227,Travis,3621,2009,-97.78,30.33
228,Trinity,9,2009,-95.14,31.09
229,Tyler,55,2009,-94.38,30.77
230,Upshur,21,2009,-94.94,32.74
231,Upton,6,2009,-102.04,31.37
232,Uvalde,46,2009,-99.76,29.36
233,Val Verde,88,2009,-101.15,29.89
234,Van Zandt,67,2009,-95.84,32.56
235,Victoria,135,2009,-96.97,28.8
236,Walker,172,2009,-95.57,30.74
237,Waller,84,2009,-95.99,30.01
238,Ward,11,2009,-103.1,31.51
239,Washington,54,2009,-96.4,30.21
240,Webb,378,2009,-99.33,27.76
241,Wharton,58,2009,-96.22,29.28
242,Wheeler,2,2009,-100.27,35.4
243,Wichita,184,2009,-98.7,33.99
244,Wilbarger,17,2009,-99.24,34.08
245,Willacy,45,2009,-97.59,26.48
246,Williamson,874,2009,-97.6,30.65
247,Wilson,90,2009,-98.09,29.17
248,Winkler,19,2009,-103.05,31.85
249,Wise,78,2009,-97.65,33.22
250,Wood,45,2009,-95.38,32.79
251,Yoakum,14,2009,-102.83,33.17
252,Young,23,2009,-98.69,33.18
253,Zapata,17,2009,-99.17,27
254,Zavala,25,2009,-99.76,28.87
255,Anderson,54,2010,-95.65,31.81
256,Andrews,11,2010,-102.64,32.31
257,Angelina,154,2010,-94.61,31.25
258,Aransas,54,2010,-96.99,28.08
259,Archer,6,2010,-98.69,33.62
260,Armstrong,1,2010,-101.36,34.96
261,Atascosa,73,2010,-98.53,28.89
262,Austin,60,2010,-96.28,29.89
263,Bailey,4,2010,-102.83,34.07
264,Bandera,27,2010,-99.25,29.75
265,Bastrop,115,2010,-97.31,30.1
266,Baylor,3,2010,-99.21,33.62
267,Bee,44,2010,-97.74,28.42
268,Bell,1096,2010,-97.48,31.04
269,Bexar,6893,2010,-98.52,29.45
270,Blanco,13,2010,-98.4,30.27
271,Borden,1,2010,-101.43,32.74
272,Bosque,20,2010,-97.63,31.9
273,Bowie,39,2010,-94.42,33.45
274,Brazoria,672,2010,-95.43,29.17
275,Brazos,573,2010,-96.3,30.66
276,Brewster,17,2010,-103.25,29.81
277,Briscoe,43,2010,-101.21,34.53
278,Brooks,25,2010,-98.22,27.03
279,Brown,27,2010,-99,31.77
280,Burleson,26,2010,-96.62,30.49
281,Burnet,70,2010,-98.18,30.79
282,Caldwell,81,2010,-97.62,29.84
283,Calhoun,24,2010,-96.62,28.44
284,Callahan,10,2010,-99.37,32.3
285,Cameron,870,2010,-97.45,26.15
286,Camp,18,2010,-94.98,32.97
287,Carson,1,2010,-101.35,35.4
288,Cass,4,2010,-94.34,33.08
289,Castro,8,2010,-102.26,34.53
290,Chambers,158,2010,-94.67,29.71
291,Cherokee,49,2010,-95.17,31.84
292,Childress,6,2010,-100.21,34.53
293,Clay,3,2010,-98.21,33.79
294,Cochran,0,2010,-102.83,33.6
295,Coke,6,2010,-100.53,31.89
296,Coleman,10,2010,-99.45,31.77
297,Collin,1650,2010,-96.57,33.19
298,Collingsworth,2,2010,-100.27,34.96
299,Colorado,29,2010,-96.53,29.62
300,Comal,209,2010,-98.28,29.81
301,Comanche,25,2010,-98.56,31.95
302,Concho,2,2010,-99.86,31.33
303,Cooke,57,2010,-97.21,33.64
304,Coryell,136,2010,-97.8,31.39
305,Cottle,7,2010,-100.28,34.08
306,Crane,9,2010,-102.52,31.43
307,Crockett,14,2010,-101.41,30.72
308,Crosby,13,2010,-101.3,33.61
309,Culberson,5,2010,-104.52,31.45
310,Dallam,2,2010,-102.6,36.28
311,Dallas,10606,2010,-96.78,32.77
312,Dawson,8,2010,-101.95,32.74
313,Deaf Smith,18,2010,-102.6,34.97
314,Delta,26,2010,-95.67,33.39
315,Denton,1455,2010,-97.12,33.21
316,Dewitt,24,2010,-97.36,29.08
317,Dickens,5,2010,-100.78,33.62
318,Dimmit,23,2010,-99.76,28.42
319,Donley,5,2010,-100.81,34.97
320,Duval,33,2010,-98.51,27.68
321,Eastland,15,2010,-98.83,32.33
322,Ector,243,2010,-102.54,31.87
323,Edwards,5,2010,-100.3,29.98
324,Ellis,272,2010,-106.23,31.77
325,El Paso,2216,2010,-96.79,32.35
326,Erath,56,2010,-98.22,32.24
327,Falls,33,2010,-96.94,31.25
328,Fannin,34,2010,-96.11,33.59
329,Fayette,22,2010,-96.92,29.88
330,Fisher,3,2010,-100.4,32.74
331,Floyd,4,2010,-101.3,34.07
332,Foard,0,2010,-99.78,33.97
333,Fort Bend,1436,2010,-95.77,29.53
334,Franklin,7,2010,-95.22,33.18
335,Freestone,25,2010,-96.15,31.7
336,Frio,34,2010,-99.11,28.87
337,Gaines,10,2010,-102.64,32.74
338,Galveston,781,2010,-94.86,29.38
339,Garza,3,2010,-101.3,33.18
340,Gillespie,29,2010,-98.95,30.32
341,Glasscock,1,2010,-101.52,31.87
342,Goliad,6,2010,-97.43,28.66
343,Gonzales,32,2010,-97.49,29.46
344,Gray,10,2010,-100.81,35.4
345,Grayson,194,2010,-96.68,33.63
346,Gregg,111,2010,-94.82,32.48
347,Grimes,33,2010,-95.99,30.54
348,Guadalupe,189,2010,-97.95,29.58
349,Hale,34,2010,-101.83,34.07
350,Hall,4,2010,-100.68,34.53
351,Hamilton,10,2010,-98.11,31.7
352,Hansford,2,2010,-101.35,36.28
353,Hardeman,8,2010,-99.75,34.29
354,Hardin,52,2010,-94.39,30.33
355,Harris,18914,2010,-95.39,29.86
356,Harrison,21,2010,-94.37,32.55
357,Hartley,0,2010,-102.6,35.84
358,Haskell,4,2010,-99.73,33.18
359,Hays,432,2010,-98.03,30.06
360,Hemphill,2,2010,-100.27,35.84
361,Henderson,74,2010,-95.85,32.21
362,Hidalgo,1859,2010,-98.18,26.4
363,Hill,40,2010,-97.13,31.99
364,Hockley,26,2010,-102.34,33.61
365,Hood,92,2010,-97.83,32.43
366,Hopkins,41,2010,-95.56,33.15
367,Houston,2,2010,-95.42,31.32
368,Howard,26,2010,-101.44,32.31
369,Hudspeth,0,2010,-105.39,31.46
370,Hunt,107,2010,-96.09,33.12
371,Hutchinson,18,2010,-101.35,35.84
372,Irion,5,2010,-100.98,31.3
373,Jack,4,2010,-98.17,33.23
374,Jackson,13,2010,-96.58,28.95
375,Jasper,77,2010,-94.03,30.74
376,Jeff Davis,2,2010,-104.14,30.72
377,Jefferson,746,2010,-94.15,29.85
378,Jim Hogg,17,2010,-98.7,27.04
379,Jim Wells,101,2010,-98.09,27.73
380,Johnson,245,2010,-97.37,32.38
381,Jones,15,2010,-99.88,32.74
382,Karnes,23,2010,-97.86,28.91
383,Kaufman,196,2010,-96.29,32.6
384,Kendall,49,2010,-98.71,29.94
385,Kenedy,1,2010,-97.64,26.93
386,Kent,1,2010,-100.78,33.18
387,Kerr,94,2010,-99.35,30.06
388,Kimble,3,2010,-99.75,30.49
389,King,1,2010,-100.26,33.62
390,Kinney,4,2010,-100.42,29.35
391,Kleberg,100,2010,-97.67,27.43
392,Knox,3,2010,-99.74,33.61
393,Lamar,64,2010,-99.1,28.35
394,Lamb,9,2010,-95.57,33.67
395,Lampasas,9,2010,-102.35,34.07
396,La Salle,13,2010,-98.24,31.2
397,Lavaca,25,2010,-96.93,29.38
398,Lee,20,2010,-96.97,30.31
399,Leon,15,2010,-96,31.3
400,Liberty,123,2010,-94.81,30.15
401,Limestone,61,2010,-96.58,31.55
402,Lipscomb,0,2010,-100.27,36.28
403,Live Oak,19,2010,-98.12,28.35
404,Llano,18,2010,-98.68,30.71
405,Loving,0,2010,-103.58,31.85
406,Lubbock,528,2010,-101.82,33.61
407,Lynn,7,2010,-101.82,33.18
408,Mcculloch,18,2010,-95.93,30.97
409,Mclennan,577,2010,-94.36,32.8
410,Mcmullen,3,2010,-101.95,32.31
411,Madison,5,2010,-99.23,30.72
412,Marion,0,2010,-96,28.79
413,Martin,3,2010,-100.31,28.74
414,Mason,6,2010,-99.35,31.2
415,Matagorda,102,2010,-97.2,31.55
416,Maverick,74,2010,-98.57,28.35
417,Medina,65,2010,-99.11,29.36
418,Menard,6,2010,-99.82,30.89
419,Midland,224,2010,-102.03,31.87
420,Milam,35,2010,-96.98,30.79
421,Mills,2,2010,-98.6,31.5
422,Mitchell,6,2010,-100.92,32.31
423,Montague,7,2010,-97.72,33.68
424,Montgomery,689,2010,-95.5,30.3
425,Moore,35,2010,-101.89,35.84
426,Morris,10,2010,-94.73,33.11
427,Motley,1,2010,-100.78,34.07
428,Nacogdoches,86,2010,-94.62,31.62
429,Navarro,65,2010,-96.47,32.05
430,Newton,14,2010,-93.74,30.79
431,Nolan,16,2010,-100.41,32.3
432,Nueces,1227,2010,-97.52,27.74
433,Ochiltree,5,2010,-100.82,36.28
434,Oldham,2,2010,-102.6,35.41
435,Orange,125,2010,-93.89,30.12
436,Palo Pinto,27,2010,-98.31,32.75
437,Panola,6,2010,-94.31,32.16
438,Parker,198,2010,-97.81,32.78
439,Parmer,5,2010,-102.78,34.53
440,Pecos,17,2010,-102.72,30.78
441,Polk,46,2010,-94.83,30.79
442,Potter,163,2010,-101.89,35.4
443,Presidio,11,2010,-104.24,30
444,Rains,10,2010,-95.79,32.87
445,Randall,144,2010,-101.9,34.97
446,Reagan,4,2010,-101.52,31.37
447,Real,9,2010,-99.82,29.83
448,Red River,13,2010,-95.05,33.62
449,Reeves,8,2010,-103.69,31.32
450,Refugio,8,2010,-97.16,28.32
451,Roberts,0,2010,-100.81,35.84
452,Robertson,15,2010,-96.51,31.03
453,Rockwall,130,2010,-96.41,32.9
454,Runnels,13,2010,-99.98,31.83
455,Rusk,27,2010,-94.76,32.11
456,Sabine,12,2010,-93.85,31.34
457,San Augustine,5,2010,-94.17,31.39
458,San Jacinto,20,2010,-95.17,30.58
459,San Patricio,122,2010,-97.52,28.01
460,San Saba,5,2010,-98.82,31.16
461,Schleicher,1,2010,-100.54,30.9
462,Scurry,13,2010,-100.92,32.75
463,Shackelford,2,2010,-99.35,32.74
464,Shelby,11,2010,-94.15,31.79
465,Sherman,9,2010,-101.89,36.28
466,Smith,418,2010,-95.27,32.38
467,Somervell,18,2010,-97.77,32.22
468,Starr,85,2010,-98.74,26.56
469,Stephens,6,2010,-98.84,32.74
470,Sterling,0,2010,-101.05,31.83
471,Stonewall,0,2010,-100.25,33.18
472,Sutton,5,2010,-100.54,30.5
473,Swisher,5,2010,-101.74,34.53
474,Tarrant,5852,2010,-97.29,32.77
475,Taylor,238,2010,-99.89,32.3
476,Terrell,2,2010,-102.08,30.22
477,Terry,8,2010,-102.34,33.17
478,Throckmorton,2,2010,-99.21,33.18
479,Titus,40,2010,-94.97,33.22
480,Tom Green,181,2010,-100.46,31.4
481,Travis,3938,2010,-97.78,30.33
482,Trinity,3,2010,-95.14,31.09
483,Tyler,29,2010,-94.38,30.77
484,Upshur,16,2010,-94.94,32.74
485,Upton,1,2010,-102.04,31.37
486,Uvalde,49,2010,-99.76,29.36
487,Val Verde,76,2010,-101.15,29.89
488,Van Zandt,62,2010,-95.84,32.56
489,Victoria,129,2010,-96.97,28.8
490,Walker,200,2010,-95.57,30.74
491,Waller,99,2010,-95.99,30.01
492,Ward,11,2010,-103.1,31.51
493,Washington,50,2010,-96.4,30.21
494,Webb,359,2010,-99.33,27.76
495,Wharton,80,2010,-96.22,29.28
496,Wheeler,13,2010,-100.27,35.4
497,Wichita,203,2010,-98.7,33.99
498,Wilbarger,16,2010,-99.24,34.08
499,Willacy,31,2010,-97.59,26.48
500,Williamson,895,2010,-97.6,30.65
501,Wilson,71,2010,-98.09,29.17
502,Winkler,8,2010,-103.05,31.85
503,Wise,91,2010,-97.65,33.22
504,Wood,36,2010,-95.38,32.79
505,Yoakum,11,2010,-102.83,33.17
506,Young,17,2010,-98.69,33.18
507,Zapata,23,2010,-99.17,27
508,Zavala,21,2010,-99.76,28.87
2541,Anderson,39,2011,-95.65,31.81
2542,Andrews,17,2011,-102.64,32.31
2543,Angelina,144,2011,-94.61,31.25
2544,Aransas,17,2011,-96.99,28.08
2545,Archer,8,2011,-98.69,33.62
2546,Armstrong,1,2011,-101.36,34.96
2547,Atascosa,83,2011,-98.53,28.89
2548,Austin,51,2011,-96.28,29.89
2549,Bailey,4,2011,-102.83,34.07
2550,Bandera,17,2011,-99.25,29.75
2551,Bastrop,146,2011,-97.31,30.1
2552,Baylor,6,2011,-99.21,33.62
2553,Bee,21,2011,-97.74,28.42
2554,Bell,1037,2011,-97.48,31.04
2555,Bexar,5916,2011,-98.52,29.45
2556,Blanco,20,2011,-98.4,30.27
2557,Borden,1,2011,-101.43,32.74
2558,Bosque,26,2011,-97.63,31.9
2559,Bowie,23,2011,-94.42,33.45
2560,Brazoria,631,2011,-95.43,29.17
2561,Brazos,492,2011,-96.3,30.66
2562,Brewster,15,2011,-103.25,29.81
2563,Briscoe,25,2011,-101.21,34.53
2564,Brooks,15,2011,-98.22,27.03
2565,Brown,28,2011,-99,31.77
2566,Burleson,17,2011,-96.62,30.49
2567,Burnet,54,2011,-98.18,30.79
2568,Caldwell,77,2011,-97.62,29.84
2569,Calhoun,22,2011,-96.62,28.44
2570,Callahan,16,2011,-99.37,32.3
2571,Cameron,786,2011,-97.45,26.15
2572,Camp,9,2011,-94.98,32.97
2573,Carson,5,2011,-101.35,35.4
2574,Cass,9,2011,-94.34,33.08
2575,Castro,5,2011,-102.26,34.53
2576,Chambers,98,2011,-94.67,29.71
2577,Cherokee,52,2011,-95.17,31.84
2578,Childress,4,2011,-100.21,34.53
2579,Clay,5,2011,-98.21,33.79
2580,Cochran,5,2011,-102.83,33.6
2581,Coke,0,2011,-100.53,31.89
2582,Coleman,9,2011,-99.45,31.77
2583,Collin,1608,2011,-96.57,33.19
2584,Collingsworth,3,2011,-100.27,34.96
2585,Colorado,26,2011,-96.53,29.62
2586,Comal,190,2011,-98.28,29.81
2587,Comanche,23,2011,-98.56,31.95
2588,Concho,3,2011,-99.86,31.33
2589,Cooke,52,2011,-97.21,33.64
2590,Coryell,126,2011,-97.8,31.39
2591,Cottle,10,2011,-100.28,34.08
2592,Crane,7,2011,-102.52,31.43
2593,Crockett,9,2011,-101.41,30.72
2594,Crosby,26,2011,-101.3,33.61
2595,Culberson,9,2011,-104.52,31.45
2596,Dallam,5,2011,-102.6,36.28
2597,Dallas,10147,2011,-96.78,32.77
2598,Dawson,11,2011,-101.95,32.74
2599,Deaf Smith,21,2011,-102.6,34.97
2600,Delta,8,2011,-95.67,33.39
2601,Denton,1404,2011,-97.12,33.21
2602,Dewitt,26,2011,-97.36,29.08
2603,Dickens,6,2011,-100.78,33.62
2604,Dimmit,13,2011,-99.76,28.42
2605,Donley,11,2011,-100.81,34.97
2606,Duval,10,2011,-98.51,27.68
2607,Eastland,19,2011,-98.83,32.33
2608,Ector,213,2011,-102.54,31.87
2609,Edwards,3,2011,-100.3,29.98
2610,Ellis,223,2011,-106.23,31.77
2611,El Paso,2216,2011,-96.79,32.35
2612,Erath,68,2011,-98.22,32.24
2613,Falls,26,2011,-96.94,31.25
2614,Fannin,32,2011,-96.11,33.59
2615,Fayette,20,2011,-96.92,29.88
2616,Fisher,6,2011,-100.4,32.74
2617,Floyd,5,2011,-101.3,34.07
2618,Foard,1,2011,-99.78,33.97
2619,Fort Bend,1381,2011,-95.77,29.53
2620,Franklin,11,2011,-95.22,33.18
2621,Freestone,16,2011,-96.15,31.7
2622,Frio,38,2011,-99.11,28.87
2623,Gaines,12,2011,-102.64,32.74
2624,Galveston,713,2011,-94.86,29.38
2625,Garza,1,2011,-101.3,33.18
2626,Gillespie,31,2011,-98.95,30.32
2627,Glasscock,1,2011,-101.52,31.87
2628,Goliad,6,2011,-97.43,28.66
2629,Gonzales,34,2011,-97.49,29.46
2630,Gray,8,2011,-100.81,35.4
2631,Grayson,150,2011,-96.68,33.63
2632,Gregg,88,2011,-94.82,32.48
2633,Grimes,41,2011,-95.99,30.54
2634,Guadalupe,182,2011,-97.95,29.58
2635,Hale,26,2011,-101.83,34.07
2636,Hall,2,2011,-100.68,34.53
2637,Hamilton,5,2011,-98.11,31.7
2638,Hansford,0,2011,-101.35,36.28
2639,Hardeman,9,2011,-99.75,34.29
2640,Hardin,83,2011,-94.39,30.33
2641,Harris,17633,2011,-95.39,29.86
2642,Harrison,16,2011,-94.37,32.55
2643,Hartley,2,2011,-102.6,35.84
2644,Haskell,5,2011,-99.73,33.18
2645,Hays,445,2011,-98.03,30.06
2646,Hemphill,2,2011,-100.27,35.84
2647,Henderson,79,2011,-95.85,32.21
2648,Hidalgo,1706,2011,-98.18,26.4
2649,Hill,42,2011,-97.13,31.99
2650,Hockley,30,2011,-102.34,33.61
2651,Hood,67,2011,-97.83,32.43
2652,Hopkins,24,2011,-95.56,33.15
2653,Houston,2,2011,-95.42,31.32
2654,Howard,30,2011,-101.44,32.31
2655,Hudspeth,2,2011,-105.39,31.46
2656,Hunt,109,2011,-96.09,33.12
2657,Hutchinson,7,2011,-101.35,35.84
2658,Irion,1,2011,-100.98,31.3
2659,Jack,10,2011,-98.17,33.23
2660,Jackson,16,2011,-96.58,28.95
2661,Jasper,42,2011,-94.03,30.74
2662,Jeff Davis,3,2011,-104.14,30.72
2663,Jefferson,710,2011,-94.15,29.85
2664,Jim Hogg,3,2011,-98.7,27.04
2665,Jim Wells,51,2011,-98.09,27.73
2666,Johnson,236,2011,-97.37,32.38
2667,Jones,14,2011,-99.88,32.74
2668,Karnes,19,2011,-97.86,28.91
2669,Kaufman,198,2011,-96.29,32.6
2670,Kendall,39,2011,-98.71,29.94
2671,Kenedy,1,2011,-97.64,26.93
2672,Kent,0,2011,-100.78,33.18
2673,Kerr,78,2011,-99.35,30.06
2674,Kimble,5,2011,-99.75,30.49
2675,King,0,2011,-100.26,33.62
2676,Kinney,4,2011,-100.42,29.35
2677,Kleberg,49,2011,-97.67,27.43
2678,Knox,1,2011,-99.74,33.61
2679,Lamar,47,2011,-99.1,28.35
2680,Lamb,10,2011,-95.57,33.67
2681,Lampasas,15,2011,-102.35,34.07
2682,La Salle,18,2011,-98.24,31.2
2683,Lavaca,16,2011,-96.93,29.38
2684,Lee,30,2011,-96.97,30.31
2685,Leon,16,2011,-96,31.3
2686,Liberty,96,2011,-94.81,30.15
2687,Limestone,47,2011,-96.58,31.55
2688,Lipscomb,0,2011,-100.27,36.28
2689,Live Oak,7,2011,-98.12,28.35
2690,Llano,17,2011,-98.68,30.71
2691,Loving,3,2011,-103.58,31.85
2692,Lubbock,503,2011,-101.82,33.61
2693,Lynn,1,2011,-101.82,33.18
2694,Mcculloch,16,2011,-95.93,30.97
2695,Mclennan,559,2011,-94.36,32.8
2696,Mcmullen,1,2011,-101.95,32.31
2697,Madison,9,2011,-99.23,30.72
2698,Marion,5,2011,-96,28.79
2699,Martin,4,2011,-100.31,28.74
2700,Mason,2,2011,-99.35,31.2
2701,Matagorda,35,2011,-97.2,31.55
2702,Maverick,74,2011,-98.57,28.35
2703,Medina,57,2011,-99.11,29.36
2704,Menard,2,2011,-99.82,30.89
2705,Midland,188,2011,-102.03,31.87
2706,Milam,38,2011,-96.98,30.79
2707,Mills,5,2011,-98.6,31.5
2708,Mitchell,12,2011,-100.92,32.31
2709,Montague,16,2011,-97.72,33.68
2710,Montgomery,647,2011,-95.5,30.3
2711,Moore,31,2011,-101.89,35.84
2712,Morris,17,2011,-94.73,33.11
2713,Motley,1,2011,-100.78,34.07
2714,Nacogdoches,98,2011,-94.62,31.62
2715,Navarro,59,2011,-96.47,32.05
2716,Newton,18,2011,-93.74,30.79
2717,Nolan,17,2011,-100.41,32.3
2718,Nueces,1256,2011,-97.52,27.74
2719,Ochiltree,9,2011,-100.82,36.28
2720,Oldham,1,2011,-102.6,35.41
2721,Orange,121,2011,-93.89,30.12
2722,Palo Pinto,31,2011,-98.31,32.75
2723,Panola,6,2011,-94.31,32.16
2724,Parker,131,2011,-97.81,32.78
2725,Parmer,7,2011,-102.78,34.53
2726,Pecos,15,2011,-102.72,30.78
2727,Polk,59,2011,-94.83,30.79
2728,Potter,139,2011,-101.89,35.4
2729,Presidio,3,2011,-104.24,30
2730,Rains,8,2011,-95.79,32.87
2731,Randall,139,2011,-101.9,34.97
2732,Reagan,3,2011,-101.52,31.37
2733,Real,4,2011,-99.82,29.83
2734,Red River,14,2011,-95.05,33.62
2735,Reeves,8,2011,-103.69,31.32
2736,Refugio,6,2011,-97.16,28.32
2737,Roberts,1,2011,-100.81,35.84
2738,Robertson,21,2011,-96.51,31.03
2739,Rockwall,120,2011,-96.41,32.9
2740,Runnels,8,2011,-99.98,31.83
2741,Rusk,34,2011,-94.76,32.11
2742,Sabine,9,2011,-93.85,31.34
2743,San Augustine,7,2011,-94.17,31.39
2744,San Jacinto,33,2011,-95.17,30.58
2745,San Patricio,58,2011,-97.52,28.01
2746,San Saba,4,2011,-98.82,31.16
2747,Schleicher,3,2011,-100.54,30.9
2748,Scurry,11,2011,-100.92,32.75
2749,Shackelford,3,2011,-99.35,32.74
2750,Shelby,6,2011,-94.15,31.79
2751,Sherman,5,2011,-101.89,36.28
2752,Smith,342,2011,-95.27,32.38
2753,Somervell,10,2011,-97.77,32.22
2754,Starr,105,2011,-98.74,26.56
2755,Stephens,9,2011,-98.84,32.74
2756,Sterling,0,2011,-101.05,31.83
2757,Stonewall,1,2011,-100.25,33.18
2758,Sutton,4,2011,-100.54,30.5
2759,Swisher,4,2011,-101.74,34.53
2760,Tarrant,5193,2011,-97.29,32.77
2761,Taylor,176,2011,-99.89,32.3
2762,Terrell,5,2011,-102.08,30.22
2763,Terry,3,2011,-102.34,33.17
2764,Throckmorton,3,2011,-99.21,33.18
2765,Titus,34,2011,-94.97,33.22
2766,Tom Green,169,2011,-100.46,31.4
2767,Travis,4399,2011,-97.78,30.33
2768,Trinity,14,2011,-95.14,31.09
2769,Tyler,56,2011,-94.38,30.77
2770,Upshur,12,2011,-94.94,32.74
2771,Upton,1,2011,-102.04,31.37
2772,Uvalde,42,2011,-99.76,29.36
2773,Val Verde,61,2011,-101.15,29.89
2774,Van Zandt,35,2011,-95.84,32.56
2775,Victoria,104,2011,-96.97,28.8
2776,Walker,126,2011,-95.57,30.74
2777,Waller,100,2011,-95.99,30.01
2778,Ward,4,2011,-103.1,31.51
2779,Washington,60,2011,-96.4,30.21
2780,Webb,295,2011,-99.33,27.76
2781,Wharton,77,2011,-96.22,29.28
2782,Wheeler,4,2011,-100.27,35.4
2783,Wichita,193,2011,-98.7,33.99
2784,Wilbarger,15,2011,-99.24,34.08
2785,Willacy,37,2011,-97.59,26.48
2786,Williamson,890,2011,-97.6,30.65
2787,Wilson,63,2011,-98.09,29.17
2788,Winkler,6,2011,-103.05,31.85
2789,Wise,76,2011,-97.65,33.22
2790,Wood,30,2011,-95.38,32.79
2791,Yoakum,4,2011,-102.83,33.17
2792,Young,15,2011,-98.69,33.18
2793,Zapata,18,2011,-99.17,27
2794,Zavala,13,2011,-99.76,28.87
